#-- reverse hits sorted by %sim
0 0 0
0 0 0


1198476 1450263 78.9173789173789
1199173 1449566 78.9173789173789


1449566 1199173 78.9173789173789
1450263 1198476 78.9173789173789


1470117 1171238 78.9173789173789
1470814 1170541 78.9173789173789


1170541 1470814 78.9473684210526
1171238 1470117 78.9473684210526


134597 1846555 79.967689822294
135213 1845940 79.967689822294


134597 1837169 79.967689822294
135213 1836554 79.967689822294


1529178 1846555 79.967689822294
1529794 1845940 79.967689822294


1529178 1837169 79.967689822294
1529794 1836554 79.967689822294


1836554 135213 79.967689822294
1837169 134597 79.967689822294


1845940 135213 79.967689822294
1846555 134597 79.967689822294


1836554 1529794 79.967689822294
1837169 1529178 79.967689822294


1845940 1529794 79.967689822294
1846555 1529178 79.967689822294


48641 1598128 80.5309734513274
48855 1597905 80.5309734513274


186958 1598128 80.5309734513274
187172 1597905 80.5309734513274


1182510 1436560 81.4298978644382
1183579 1435488 81.4298978644382


1435488 1183579 81.4298978644382
1436560 1182510 81.4298978644382


103971 154930 81.4981949458484
105056 153829 81.4981949458484


103971 185229 81.4981949458484
105056 184128 81.4981949458484


153829 105056 81.4981949458484
154930 103971 81.4981949458484


184128 105056 81.4981949458484
185229 103971 81.4981949458484


51433 1840092 81.5672306322351
52532 1838975 81.5672306322351


189750 1840092 81.5672306322351
190849 1838975 81.5672306322351


1838975 190849 81.5672306322351
1840092 189750 81.5672306322351


1838975 52532 81.5672306322351
1840092 51433 81.5672306322351


1702475 1488694 82.1002386634845
1702892 1488277 82.1002386634845


191264 153748 82.1002386634845
191681 153331 82.1002386634845


191264 184047 82.1002386634845
191681 183630 82.1002386634845


52947 184047 82.1002386634845
53364 183630 82.1002386634845


153331 191681 82.1002386634845
153748 191264 82.1002386634845


183630 191681 82.1002386634845
184047 191264 82.1002386634845


183630 53364 82.1002386634845
184047 52947 82.1002386634845


1488277 1702892 82.1002386634845
1488694 1702475 82.1002386634845


1624807 1702892 82.1243523316062
1625191 1702508 82.1243523316062


1702508 1625191 82.1243523316062
1702892 1624807 82.1243523316062


52964 153731 82.3383084577114
53364 153331 82.3383084577114


153331 53364 82.3383084577114
153731 52964 82.3383084577114


1593392 1702892 82.3389021479714
1593809 1702475 82.3389021479714


1702475 1593809 82.3389021479714
1702892 1593392 82.3389021479714


1702490 128343 82.6732673267327
1702892 127941 82.6732673267327


127941 1702892 82.6732673267327
128343 1702490 82.6732673267327


5983 192767 83.2446808510638
6342 192392 83.2446808510638


36634 192767 83.2446808510638
36993 192392 83.2446808510638


54075 36993 83.2446808510638
54450 36634 83.2446808510638


54075 6342 83.2446808510638
54450 5983 83.2446808510638


192392 6342 83.2446808510638
192767 5983 83.2446808510638


192392 36993 83.2446808510638
192767 36634 83.2446808510638


5983 54450 83.2446808510638
6342 54075 83.2446808510638


36634 54450 83.2446808510638
36993 54075 83.2446808510638


153316 161611 83.3746898263027
153715 161212 83.3746898263027


161212 184014 83.3746898263027
161611 183615 83.3746898263027


161212 153715 83.3746898263027
161611 153316 83.3746898263027


183615 161611 83.3746898263027
184014 161212 83.3746898263027


1702508 1725313 83.3746898263027
1702907 1724914 83.3746898263027


1724914 1702907 83.3746898263027
1725313 1702508 83.3746898263027


131539 188044 83.9901477832512
131942 187640 83.9901477832512


49323 131942 83.9901477832512
49727 131539 83.9901477832512


187640 131942 83.9901477832512
188044 131539 83.9901477832512


131539 49727 83.9901477832512
131942 49323 83.9901477832512


1548316 1259982 84.6715328467153
1548856 1259446 84.6715328467153


1259446 1548856 84.6715328467153
1259982 1548316 84.6715328467153


1169101 1472254 84.7826086956522
1170017 1471364 84.7826086956522


1199697 1449016 84.7826086956522
1200613 1448126 84.7826086956522


1448126 1200613 84.7826086956522
1449016 1199697 84.7826086956522


1471364 1170017 84.7826086956522
1472254 1169101 84.7826086956522


1282780 1437208 84.9654377880184
1284506 1435488 84.9654377880184


1435488 1284506 84.9654377880184
1437208 1282780 84.9654377880184


134232 185768 85.003035822708
135856 184128 85.003035822708


184128 135856 85.003035822708
185768 134232 85.003035822708


1528813 185768 85.063752276867
1530430 184128 85.063752276867


184128 1530430 85.063752276867
185768 1528813 85.063752276867


1259698 1433212 85.0694444444444
1259982 1432930 85.0694444444444


1432930 1259982 85.0694444444444
1433212 1259698 85.0694444444444


104989 152908 85.1449275362319
105539 152367 85.1449275362319


104989 183207 85.1449275362319
105539 182666 85.1449275362319


135789 152908 85.1449275362319
136339 152367 85.1449275362319


135789 183207 85.1449275362319
136339 182666 85.1449275362319


152367 136339 85.1449275362319
152908 135789 85.1449275362319


152367 105539 85.1449275362319
152908 104989 85.1449275362319


182666 105539 85.1449275362319
183207 104989 85.1449275362319


182666 136339 85.1449275362319
183207 135789 85.1449275362319


1631872 1846196 85.3046594982079
1632149 1845920 85.3046594982079


1631872 1836810 85.3046594982079
1632149 1836534 85.3046594982079


1836534 1632149 85.3046594982079
1836810 1631872 85.3046594982079


1845920 1632149 85.3046594982079
1846196 1631872 85.3046594982079


13345 185768 85.3832442067736
14997 184093 85.3832442067736


184093 14997 85.3832442067736
185768 13345 85.3832442067736


1283339 1238802 85.5491329479769
1283511 1238630 85.5491329479769


1286340 1204925 85.5491329479769
1286512 1204753 85.5491329479769


1204753 1286512 85.5491329479769
1204925 1286340 85.5491329479769


1238630 1283511 85.5491329479769
1238802 1283339 85.5491329479769


43996 185768 85.5631141345427
45296 184450 85.5631141345427


184450 45296 85.5631141345427
185768 43996 85.5631141345427


45381 1702370 85.6
46979 1700763 85.6


1700763 46979 85.6088560885609
1702370 45381 85.6088560885609


1802840 1815321 85.781990521327
1803242 1814900 85.781990521327


1803861 1816342 85.781990521327
1804282 1815940 85.781990521327


1814900 1803242 85.781990521327
1815321 1802840 85.781990521327


1815940 1804282 85.781990521327
1816342 1803861 85.781990521327


1396127 1459023 85.8880778588808
1396532 1458613 85.8880778588808


1403415 1461769 85.8880778588808
1403820 1461359 85.8880778588808


1458613 1396532 85.8880778588808
1459023 1396127 85.8880778588808


1461359 1403820 85.8880778588808
1461769 1403415 85.8880778588808


1285346 1183580 85.9042553191489
1286096 1182831 85.9042553191489


1182831 1286096 85.9042553191489
1183580 1285346 85.9042553191489


1283755 1186882 85.9416445623342
1284507 1186133 85.9416445623342


1186133 1284507 85.9416445623342
1186882 1283755 85.9416445623342


1280629 1166982 86.0730593607306
1281500 1166115 86.0730593607306


1280629 1240823 86.0730593607306
1281500 1239956 86.0730593607306


1288351 1203599 86.0730593607306
1289222 1202732 86.0730593607306


1166115 1281500 86.0730593607306
1166982 1280629 86.0730593607306


1202732 1289222 86.0730593607306
1203599 1288351 86.0730593607306


1239956 1281500 86.0730593607306
1240823 1280629 86.0730593607306


159680 1840092 86.1855670103093
160163 1839609 86.1855670103093


1839609 160163 86.1855670103093
1840092 159680 86.1855670103093


1181910 1204743 86.3057324840764
1182222 1204431 86.3057324840764


1187493 1239124 86.3057324840764
1187805 1238812 86.3057324840764


1204431 1182222 86.3057324840764
1204743 1181910 86.3057324840764


1238812 1187805 86.3057324840764
1239124 1187493 86.3057324840764


1394384 1463454 86.3509749303621
1395095 1462740 86.3509749303621


1404852 1457642 86.3509749303621
1405563 1456928 86.3509749303621


1456928 1405563 86.3509749303621
1457642 1404852 86.3509749303621


1462740 1395095 86.3509749303621
1463454 1394384 86.3509749303621


184152 1496260 86.3832409118916
185767 1494662 86.3832409118916


1494662 185767 86.3832409118916
1496260 184152 86.3832409118916


1599938 185768 86.5147783251232
1601537 184152 86.5147783251232


184152 1601537 86.5147783251232
185768 1599938 86.5147783251232


162339 1624134 86.5217391304348
163012 1623446 86.5217391304348


162355 1487520 86.6666666666667
162668 1487191 86.6666666666667


1487191 162668 86.6666666666667
1487520 162355 86.6666666666667


1723857 192767 86.6666666666667
1724170 192438 86.6666666666667


1723857 54450 86.6666666666667
1724170 54121 86.6666666666667


54121 1724170 86.6666666666667
54450 1723857 86.6666666666667


192438 1724170 86.6666666666667
192767 1723857 86.6666666666667


7427 11936 86.7724867724868
7612 11755 86.7724867724868


7427 42587 86.7724867724868
7612 42406 86.7724867724868


38078 42587 86.7724867724868
38263 42406 86.7724867724868


38078 11936 86.7724867724868
38263 11755 86.7724867724868


1521348 162668 87.0689655172414
1521695 162337 87.0689655172414


162337 1521695 87.0689655172414
162668 1521348 87.0689655172414


1522248 161716 87.1527777777778
1522535 161429 87.1527777777778


161429 1522535 87.1527777777778
161716 1522248 87.1527777777778


1181058 1438013 87.1720116618076
1181400 1437671 87.1720116618076


1437671 1181400 87.1720116618076
1438013 1181058 87.1720116618076


1238809 1437165 87.2047244094488
1239316 1436660 87.2047244094488


1436660 1239316 87.2047244094488
1437165 1238809 87.2047244094488


1527223 1625359 87.292817679558
1527400 1625182 87.292817679558


1625182 1527400 87.292817679558
1625359 1527223 87.292817679558


1181707 1437366 87.3320537428023
1182226 1436847 87.3320537428023


1436847 1182226 87.3320537428023
1437366 1181707 87.3320537428023


1623538 162920 87.4581939799331
1624134 162339 87.4581939799331


6465 192272 87.6097057305111
8377 190355 87.6097057305111


37116 192272 87.6097057305111
39028 190355 87.6097057305111


52038 8377 87.6097057305111
53955 6465 87.6097057305111


52038 39028 87.6097057305111
53955 37116 87.6097057305111


190355 8377 87.6097057305111
192272 6465 87.6097057305111


190355 39028 87.6097057305111
192272 37116 87.6097057305111


6465 53955 87.6097057305111
8377 52038 87.6097057305111


37116 53955 87.6097057305111
39028 52038 87.6097057305111


1282825 1204744 87.6470588235294
1283331 1204236 87.6470588235294


1286520 1239319 87.6470588235294
1287026 1238811 87.6470588235294


1204236 1283331 87.6470588235294
1204744 1282825 87.6470588235294


1238811 1287026 87.6470588235294
1239319 1286520 87.6470588235294


1624661 161742 87.8048780487805
1626121 160282 87.8048780487805


160282 1626121 87.8048780487805
161742 1624661 87.8048780487805


1243024 1220350 87.9684418145957
1244035 1219358 87.9684418145957


1276936 1224197 87.9684418145957
1277947 1223205 87.9684418145957


1291904 1220350 87.9684418145957
1292915 1219358 87.9684418145957


1219358 1244035 87.9684418145957
1220350 1243024 87.9684418145957


1219358 1292915 87.9684418145957
1220350 1291904 87.9684418145957


1223205 1277947 87.9684418145957
1224197 1276936 87.9684418145957


1487680 162193 88.1981981981982
1488786 161093 88.1981981981982


1724332 192278 88.1981981981982
1725432 191172 88.1981981981982


1724332 53961 88.1981981981982
1725432 52855 88.1981981981982


52855 1725432 88.1981981981982
53961 1724332 88.1981981981982


191172 1725432 88.1981981981982
192278 1724332 88.1981981981982


161093 1488786 88.2088208820882
162193 1487680 88.2088208820882


1623790 192767 88.2978723404255
1624164 192392 88.2978723404255


1623790 54450 88.2978723404255
1624164 54075 88.2978723404255


54075 1624164 88.2978723404255
54450 1623790 88.2978723404255


192392 1624164 88.2978723404255
192767 1623790 88.2978723404255


1629552 1625359 88.5869565217391
1629735 1625182 88.5869565217391


1598343 1625359 88.6486486486487
1598525 1625182 88.6486486486487


1625182 1629735 88.6486486486487
1625359 1629552 88.6486486486487


1625182 1598525 88.6486486486487
1625359 1598343 88.6486486486487


191150 157036 88.8888888888889
191281 156905 88.8888888888889


52833 157036 88.8888888888889
52964 156905 88.8888888888889


156905 191281 88.8888888888889
157036 191150 88.8888888888889


156905 52964 88.8888888888889
157036 52833 88.8888888888889


1598343 7612 88.9473684210526
1598529 7427 88.9473684210526


1598343 38263 88.9473684210526
1598529 38078 88.9473684210526


7427 1598529 88.9473684210526
7612 1598343 88.9473684210526


38078 1598529 88.9473684210526
38263 1598343 88.9473684210526


1625182 132819 88.9502762430939
1625359 132640 88.9502762430939


132640 1625359 88.9502762430939
132819 1625182 88.9502762430939


1593792 42561 88.9705882352941
1593925 42430 88.9705882352941


1593792 11910 88.9705882352941
1593925 11779 88.9705882352941


11779 1593925 88.9705882352941
11910 1593792 88.9705882352941


42430 1593925 88.9705882352941
42561 1593792 88.9705882352941


1598367 1488808 89.1304347826087
1598503 1488677 89.1304347826087


1488677 1598503 89.1304347826087
1488808 1598367 89.1304347826087


1142802 230561 89.1566265060241
1142966 230400 89.1566265060241


1157854 215829 89.1566265060241
1158018 215668 89.1566265060241


215668 1158018 89.1566265060241
215829 1157854 89.1566265060241


230400 1142966 89.1566265060241
230561 1142802 89.1566265060241


1370172 1158018 89.1566265060241
1370333 1157854 89.1566265060241


1737754 1158018 89.1566265060241
1737915 1157854 89.1566265060241


1157854 1737915 89.1566265060241
1158018 1737754 89.1566265060241


1157854 1370333 89.1566265060241
1158018 1370172 89.1566265060241


126620 162920 89.1797556719023
127191 162355 89.1797556719023


162355 127191 89.1797556719023
162920 126620 89.1797556719023


1396606 1161446 89.4067796610169
1396840 1161211 89.4067796610169


1403107 1139609 89.4067796610169
1403341 1139374 89.4067796610169


1139374 1403341 89.4067796610169
1139609 1403107 89.4067796610169


1161211 1396840 89.4067796610169
1161446 1396606 89.4067796610169


132640 7612 89.4179894179894
132823 7427 89.4179894179894


132640 38263 89.4179894179894
132823 38078 89.4179894179894


7427 132823 89.4179894179894
7612 132640 89.4179894179894


38078 132823 89.4179894179894
38263 132640 89.4179894179894


1280692 1439265 89.6168108776267
1281500 1438457 89.6168108776267


1438457 1281500 89.6168108776267
1439265 1280692 89.6168108776267


1592017 162958 89.6683673469388
1595915 159089 89.6683673469388


159089 1595915 89.6683673469388
162958 1592017 89.6683673469388


7427 1493252 89.7849462365591
7612 1493071 89.7849462365591


38078 1493252 89.7849462365591
38263 1493071 89.7849462365591


1493071 7612 89.7849462365591
1493252 7427 89.7849462365591


1493071 38263 89.7849462365591
1493252 38078 89.7849462365591


1202146 1439903 89.9197592778335
1204130 1437924 89.9197592778335


1437924 1204130 89.9197592778335
1439903 1202146 89.9197592778335


1522222 191827 89.9410464259396
1524920 189135 89.9410464259396


1522222 53510 89.9410464259396
1524920 50818 89.9410464259396


50818 1524920 89.9410464259396
53510 1522222 89.9410464259396


189135 1524920 89.9410464259396
191827 1522222 89.9410464259396


5606 163012 90.0376411543287
9573 159087 90.0376411543287


36257 163012 90.0376411543287
40224 159087 90.0376411543287


1204753 1436649 90.2298850574713
1204925 1436477 90.2298850574713


1436477 1204925 90.2298850574713
1436649 1204753 90.2298850574713


132664 1488808 90.3703703703704
132797 1488677 90.3703703703704


1488677 132797 90.3703703703704
1488808 132664 90.3703703703704


1522767 1527382 90.4109589041096
1522912 1527237 90.4109589041096


1527237 1522912 90.4109589041096
1527382 1522767 90.4109589041096


1725537 191060 90.436005625879
1726242 190355 90.436005625879


1725537 52743 90.436005625879
1726242 52038 90.436005625879


52038 1726242 90.436005625879
52743 1725537 90.436005625879


190355 1726242 90.436005625879
191060 1725537 90.436005625879


1400298 1258991 90.4985888993415
1401348 1257939 90.4985888993415


1257939 1401348 90.4985888993415
1258991 1400298 90.4985888993415


1398598 1263026 90.6015037593985
1399649 1261974 90.6015037593985


1261974 1399649 90.6015037593985
1263026 1398598 90.6015037593985


1629601 128452 90.6779661016949
1629717 128340 90.6779661016949


128340 1629717 90.6779661016949
128452 1629601 90.6779661016949


120048 169416 90.8225905463474
126493 162927 90.8225905463474


162927 126493 90.8225905463474
169416 120048 90.8225905463474


1726352 190242 90.8235294117647
1727200 189401 90.8235294117647


1726352 51925 90.8235294117647
1727200 51084 90.8235294117647


51084 1727200 90.8235294117647
51925 1726352 90.8235294117647


189401 1727200 90.8235294117647
190242 1726352 90.8235294117647


132523 157177 90.8549299970211
135856 153829 90.8549299970211


153829 135856 90.8549299970211
157177 132523 90.8549299970211


159087 40224 90.8886194353023
164745 34505 90.8886194353023


159087 9573 90.8886194353023
164745 3854 90.8886194353023


1282780 1187851 90.9090909090909
1283141 1187489 90.9090909090909


1286710 1182226 90.9090909090909
1287071 1181864 90.9090909090909


1181864 1287071 90.9090909090909
1182226 1286710 90.9090909090909


1187489 1283141 90.9090909090909
1187851 1282780 90.9090909090909


1598216 157189 91.0421021200358
1601537 153853 91.0421021200358


153853 1601537 91.0421021200358
157189 1598216 91.0421021200358


1526662 157621 91.0526315789474
1530430 153829 91.0526315789474


153829 1530430 91.0526315789474
157621 1526662 91.0526315789474


142672 116420 91.0940134907251
152141 106956 91.0940134907251


106956 152141 91.0949520497418
116420 142672 91.0949520497418


1221572 79398 91.1057692307692
1221983 78985 91.1057692307692


78985 1221983 91.1057692307692
79398 1221572 91.1057692307692


1625182 1493248 91.1111111111111
1625359 1493071 91.1111111111111


1493071 1625359 91.1111111111111
1493248 1625182 91.1111111111111


1522992 160987 91.1554921540656
1523691 160291 91.1554921540656


160291 1523691 91.1554921540656
160987 1522992 91.1554921540656


1593792 132797 91.1764705882353
1593925 132664 91.1764705882353


132664 1593925 91.1764705882353
132797 1593792 91.1764705882353


128340 1493230 91.2280701754386
128452 1493117 91.2280701754386


1493117 128452 91.2280701754386
1493230 128340 91.2280701754386


129383 190242 91.2359550561798
130716 188909 91.2359550561798


50592 130716 91.2359550561798
51925 129383 91.2359550561798


188909 130716 91.2359550561798
190242 129383 91.2359550561798


129383 51925 91.2359550561798
130716 50592 91.2359550561798


1252685 1297296 91.2669126691267
1253496 1296486 91.2669126691267


1296486 1253496 91.2669126691267
1297296 1252685 91.2669126691267


45381 105032 91.2757973733583
46442 103970 91.2757973733583


103970 46442 91.2757973733583
105032 45381 91.2757973733583


1247605 1253496 91.2776412776413
1248416 1252685 91.2776412776413


1252685 1248416 91.2776412776413
1253496 1247605 91.2776412776413


1267474 1273365 91.2776412776413
1268285 1272554 91.2776412776413


1272554 1268285 91.2776412776413
1273365 1267474 91.2776412776413


1832074 1838742 91.304347826087
1832257 1838562 91.304347826087


1838562 1841643 91.304347826087
1838742 1841460 91.304347826087


1838562 1832257 91.304347826087
1838742 1832074 91.304347826087


1841460 1838742 91.304347826087
1841643 1838562 91.304347826087


11194 157621 91.3428943937418
14997 153794 91.3428943937418


153794 14997 91.3428943937418
157621 11194 91.3428943937418


1142611 1156822 91.3934426229508
1142851 1156581 91.3934426229508


1143999 1158209 91.3934426229508
1144240 1157969 91.3934426229508


1156581 1142851 91.3934426229508
1156822 1142611 91.3934426229508


1157969 1144240 91.3934426229508
1158209 1143999 91.3934426229508


1629812 1847879 91.3963328631876
1630519 1847172 91.3963328631876


1629812 1838493 91.3963328631876
1630519 1837786 91.3963328631876


1837786 1630519 91.3963328631876
1838493 1629812 91.3963328631876


1847172 1630519 91.3963328631876
1847879 1629812 91.3963328631876


12009 1847879 91.4739884393064
12699 1847189 91.4739884393064


12009 1838493 91.4739884393064
12699 1837803 91.4739884393064


42660 1847879 91.4739884393064
43350 1847189 91.4739884393064


42660 1838493 91.4739884393064
43350 1837803 91.4739884393064


1837803 43350 91.4739884393064
1838493 42660 91.4739884393064


1837803 12699 91.4739884393064
1838493 12009 91.4739884393064


1847189 43350 91.4739884393064
1847879 42660 91.4739884393064


1847189 12699 91.4739884393064
1847879 12009 91.4739884393064


132117 157581 91.5178571428571
132340 157358 91.5178571428571


157358 132340 91.5178571428571
157581 132117 91.5178571428571


153853 1496260 91.5828784831945
157322 1492809 91.5828784831945


1492809 157322 91.5828784831945
1496260 153853 91.5828784831945


132896 1847879 91.6184971098266
133586 1847189 91.6184971098266


132896 1838493 91.6184971098266
133586 1837803 91.6184971098266


1837803 133586 91.6184971098266
1838493 132896 91.6184971098266


1847189 133586 91.6184971098266
1847879 132896 91.6184971098266


1629430 48677 91.6716417910448
1632772 45357 91.6716417910448


45357 1632772 91.6716417910448
48677 1629430 91.6716417910448


161067 38240 91.7267147050974
164745 34505 91.7267147050974


161067 7589 91.7267147050974
164745 3854 91.7267147050974


1598602 1838493 91.7630057803468
1599292 1837803 91.7630057803468


1598602 1847879 91.7630057803468
1599292 1847189 91.7630057803468


1837803 1599292 91.7630057803468
1838493 1598602 91.7630057803468


1847189 1599292 91.7630057803468
1847879 1598602 91.7630057803468


1527272 1725432 91.7910447761194
1527404 1725300 91.7910447761194


1725300 1527404 91.7910447761194
1725432 1527272 91.7910447761194


160282 1489603 91.830985915493
160987 1488898 91.830985915493


1488898 160987 91.830985915493
1489603 160282 91.830985915493


170305 119085 91.9361474533037
182440 106956 91.9361474533037


106956 182440 91.936810926444
119085 170305 91.936810926444


127309 162229 91.9747235387046
130468 159087 91.9747235387046


159087 130468 91.9747235387046
162229 127309 91.9747235387046


1594832 190242 91.9966301600674
1596016 189058 91.9966301600674


1594832 51925 91.9966301600674
1596016 50741 91.9966301600674


50741 1596016 91.9966301600674
51925 1594832 91.9966301600674


189058 1596016 91.9966301600674
190242 1594832 91.9966301600674


41845 157621 92.0287769784173
45296 154151 92.0287769784173


154151 45296 92.0287769784173
157621 41845 92.0287769784173


142672 1581893 92.030521407376
149734 1574840 92.030521407376


1574840 149734 92.0316473580107
1581893 142672 92.0316473580107


1837786 1494032 92.090395480226
1838493 1493325 92.090395480226


1847172 1494032 92.090395480226
1847879 1493325 92.090395480226


1493325 1847879 92.090395480226
1494032 1847172 92.090395480226


1493325 1838493 92.090395480226
1494032 1837786 92.090395480226


8487 190242 92.1389396709324
9580 189150 92.1389396709324


39138 190242 92.1389396709324
40231 189150 92.1389396709324


50833 40231 92.1389396709324
51925 39138 92.1389396709324


50833 9580 92.1389396709324
51925 8487 92.1389396709324


189150 40231 92.1389396709324
190242 39138 92.1389396709324


189150 9580 92.1389396709324
190242 8487 92.1389396709324


8487 51925 92.1389396709324
9580 50833 92.1389396709324


39138 51925 92.1389396709324
40231 50833 92.1389396709324


142672 1643001 92.437641723356
151478 1634206 92.437641723356


1634206 151478 92.4384990363904
1643001 142672 92.4384990363904


142672 1612778 92.4656757063429
151470 1603990 92.4656757063429


1603990 151470 92.4665305196279
1612778 142672 92.4665305196279


142672 1507501 92.4770225802791
151470 1498713 92.4770225802791


1498713 151470 92.4778761061947
1507501 142672 92.4778761061947


147221 142672 92.4888347543646
152141 137756 92.4888347543646


177520 142672 92.4888347543646
182440 137756 92.4888347543646


137756 152141 92.4903592449767
142672 147221 92.4903592449767


137756 182440 92.4903592449767
142672 177520 92.4903592449767


1527477 1847879 92.6300578034682
1528167 1847189 92.6300578034682


1527477 1838493 92.6300578034682
1528167 1837803 92.6300578034682


1837803 1528167 92.6300578034682
1838493 1527477 92.6300578034682


1847189 1528167 92.6300578034682
1847879 1527477 92.6300578034682


1725300 1493252 92.6470588235294
1725432 1493117 92.6470588235294


186706 161225 92.6470588235294
186841 161093 92.6470588235294


48389 161225 92.6470588235294
48524 161093 92.6470588235294


1493117 1725432 92.6470588235294
1493252 1725300 92.6470588235294


161093 186841 92.7007299270073
161225 186706 92.7007299270073


161093 48524 92.7007299270073
161225 48389 92.7007299270073


1598393 1725432 92.7007299270073
1598529 1725300 92.7007299270073


1725300 1598529 92.7007299270073
1725432 1598393 92.7007299270073


119959 199676 92.7266849846452
126118 193514 92.7266849846452


55197 126118 92.7266849846452
61359 119959 92.7266849846452


193514 126118 92.7266849846452
199676 119959 92.7266849846452


119959 61359 92.7266849846452
126118 55197 92.7266849846452


172546 1507925 92.7898668398831
181769 1498713 92.7898668398831


1498713 181769 92.7906473262611
1507925 172546 92.7906473262611


1631149 185767 92.8527794746488
1632765 184135 92.8527794746488


184135 1632765 92.8527794746488
185767 1631149 92.8527794746488


1598393 128452 93.0434782608696
1598507 128340 93.0434782608696


128340 1598507 93.0434782608696
128452 1598393 93.0434782608696


1593792 1493226 93.3333333333333
1593925 1493095 93.3333333333333


1493095 1593925 93.3333333333333
1493226 1593792 93.3333333333333


1214548 1226660 93.5012185215272
1215762 1225431 93.5012185215272


1216895 1229007 93.5012185215272
1218124 1227793 93.5012185215272


1225431 1215762 93.5012185215272
1226660 1214548 93.5012185215272


1227793 1218124 93.5012185215272
1229007 1216895 93.5012185215272


127344 192278 93.7080969571944
129273 190355 93.7080969571944


52038 129273 93.7080969571944
53961 127344 93.7080969571944


190355 129273 93.7080969571944
192278 127344 93.7080969571944


127344 53961 93.7080969571944
129273 52038 93.7080969571944


1626234 160172 93.7384898710866
1627319 159087 93.7384898710866


159087 1627319 93.7384898710866
160172 1626234 93.7384898710866


170616 1645355 93.8160014318955
181777 1634206 93.8160014318955


1634206 181777 93.8165548098434
1645355 170616 93.8165548098434


159087 1490801 93.8305709023941
160172 1489716 93.8305709023941


1489716 160172 93.8305709023941
1490801 159087 93.8305709023941


45319 15006 93.9738487777146
48828 11497 93.9738487777146


11497 48828 93.9755612389883
15006 45319 93.9755612389883


163336 1622467 94.0507011866235
181769 1603990 94.0507011866235


1603990 181769 94.0510220592201
1622467 163336 94.0510220592201


1725300 132823 94.0740740740741
1725432 132689 94.0740740740741


132689 1725432 94.0740740740741
132823 1725300 94.0740740740741


1526965 48828 94.0787582638689
1530428 45359 94.0787582638689


45359 1530428 94.0787582638689
48828 1526965 94.0787582638689


3849 194930 94.1052631578947
5268 193508 94.1052631578947


34500 194930 94.1052631578947
35919 193508 94.1052631578947


55191 35919 94.1052631578947
56613 34500 94.1052631578947


55191 5268 94.1052631578947
56613 3849 94.1052631578947


193508 5268 94.1052631578947
194930 3849 94.1052631578947


193508 35919 94.1052631578947
194930 34500 94.1052631578947


3849 56613 94.1052631578947
5268 55191 94.1052631578947


34500 56613 94.1052631578947
35919 55191 94.1052631578947


1523813 160172 94.1988950276243
1524898 159087 94.1988950276243


159087 1524898 94.1988950276243
160172 1523813 94.1988950276243


1629430 186994 94.2446043165468
1630677 185768 94.2446043165468


185768 1630677 94.2446043165468
186994 1629430 94.2446043165468


45680 45296 94.2648922686945
48828 42148 94.2648922686945


42148 48828 94.2667089008552
45296 45680 94.2667089008552


1629492 157120 94.2943854324734
1632765 153836 94.2943854324734


153836 1632765 94.2943854324734
157120 1629492 94.2943854324734


1592307 192767 94.3069306930693
1594722 190355 94.3069306930693


1592307 54450 94.3069306930693
1594722 52038 94.3069306930693


52038 1594722 94.3069306930693
54450 1592307 94.3069306930693


190355 1594722 94.3069306930693
192767 1592307 94.3069306930693


62225 119085 94.3157894736842
63174 118136 94.3157894736842


118136 63174 94.3157894736842
119085 62225 94.3157894736842


163065 1591856 94.4353327085286
180033 1574840 94.4353327085286


1574840 180033 94.4356586423007
1591856 163065 94.4356586423007


1624661 191827 94.592645998558
1627413 189063 94.592645998558


1624661 53510 94.592645998558
1627413 50746 94.592645998558


50746 1627413 94.592645998558
53510 1624661 94.592645998558


189063 1627413 94.592645998558
191827 1624661 94.592645998558


45381 135832 94.6891973445987
48687 132523 94.6891973445987


132523 48687 94.6891973445987
135832 45381 94.6891973445987


1598216 187016 94.8207171314741
1599467 185768 94.8207171314741


185768 1599467 94.8207171314741
187016 1598216 94.8207171314741


1715270 63174 94.8877805486284
1723196 55191 94.8877805486284


55191 1723196 94.8877805486284
63174 1715270 94.8877805486284


163329 1486450 94.9477095301223
170027 1479673 94.9477095301223


1479673 170027 94.9477095301223
1486450 163329 94.9477095301223


1622972 163378 95.1327433628319
1623423 162927 95.1327433628319


1725300 11936 95.2054794520548
1725445 11791 95.2054794520548


1725300 42587 95.2054794520548
1725445 42442 95.2054794520548


11791 1725445 95.2054794520548
11936 1725300 95.2054794520548


42442 1725445 95.2054794520548
42587 1725300 95.2054794520548


3854 164745 95.5810147299509
5650 162914 95.5810147299509


34505 164745 95.5810147299509
36301 162914 95.5810147299509


1593792 1598503 95.6204379562044
1593925 1598367 95.6204379562044


1598367 1593925 95.6204379562044
1598503 1593792 95.6204379562044


1629625 1725412 95.6521739130435
1629739 1725300 95.6521739130435


1725300 1629739 95.6521739130435
1725412 1629625 95.6521739130435


1711288 205473 95.7010747313172
1723196 193508 95.7010747313172


193508 1723196 95.7010747313172
205473 1711288 95.7010747313172


166786 1546991 95.7778219659309
181778 1531931 95.7778219659309


1531931 181778 95.7781018027571
1546991 166786 95.7781018027571


114151 205473 95.8662613981763
119085 200542 95.8662613981763


200542 119085 95.8662613981763
205473 114151 95.8662613981763


185768 12874 95.8755426917511
187145 11497 95.8755426917511


185768 43525 95.8755426917511
187145 42148 95.8755426917511


11497 187145 95.8785249457701
12874 185768 95.8785249457701


42148 187145 95.8785249457701
43525 185768 95.8785249457701


1507925 175945 95.9320166810921
1520608 163329 95.9320166810921


163329 1520608 95.9320166810921
175945 1507925 95.9320166810921


1507925 145646 95.9382343068144
1510903 142672 95.9382343068144


142672 1510903 95.9382343068144
145646 1507925 95.9382343068144


142672 1540741 95.9959165154265
151479 1531931 95.9959165154265


1531931 151479 95.9963706476126
1540741 142672 95.9963706476126


1122694 1122793 96
1122793 1122694 96


1 168597 96.0379464285714
3580 165015 96.0379464285714


165015 3580 96.0379464285714
168597 1 96.0379464285714


29832 169416 96.0481489893255
34231 165015 96.0481489893255


165015 34231 96.0481489893255
169416 29832 96.0481489893255


1204135 1437263 96.078431372549
1204236 1437162 96.078431372549


1437162 1204236 96.078431372549
1437263 1204135 96.078431372549


1526965 187145 96.242774566474
1528342 185768 96.242774566474


185768 1528342 96.242774566474
187145 1526965 96.242774566474


1147545 1151387 96.3302752293578
1147978 1150953 96.3302752293578


1149434 1153276 96.3302752293578
1149868 1152843 96.3302752293578


1150953 1147978 96.3302752293578
1151387 1147545 96.3302752293578


1152843 1149868 96.3302752293578
1153276 1149434 96.3302752293578


27857 63174 96.3439510434646
34225 56884 96.3439510434646


1538472 205473 96.4327622623797
1546991 196966 96.4327622623797


196966 1546991 96.4327622623797
205473 1538472 96.4327622623797


23873 205473 96.4664993241939
34225 195201 96.4664993241939


132523 187004 96.5322580645161
133761 185768 96.5322580645161


185768 133761 96.5322580645161
187004 132523 96.5322580645161


1547887 1146990 96.5465465465465
1548548 1146325 96.5465465465465


1146325 1548548 96.5465465465465
1146990 1547887 96.5465465465465


1508634 205473 96.616058614699
1521861 192257 96.616058614699


192257 1521861 96.616058614699
205473 1508634 96.616058614699


169434 29656 96.7291583566015
181951 17150 96.7291583566015


17150 181951 96.7294192724952
29656 169434 96.7294192724952


142672 26139 96.7878181616094
151652 17150 96.7878181616094


17150 151652 96.7881751500333
26139 142672 96.7881751500333


1146325 1433162 96.8468468468468
1146990 1432498 96.8468468468468


1432498 1146990 96.8468468468468
1433162 1146325 96.8468468468468


56884 34225 97.0396949988787
61331 29772 97.0396949988787


195201 34225 97.0396949988787
199648 29772 97.0396949988787


199590 29758 97.1462544589774
205473 23873 97.1462544589774


1 198768 97.1779826767253
3574 195201 97.1779826767253


56884 3574 97.1779826767253
60451 1 97.1779826767253


195201 3574 97.1779826767253
198768 1 97.1779826767253


1 60451 97.1779826767253
3574 56884 97.1779826767253


1598216 48699 97.2727272727273
1601622 45296 97.2727272727273


45296 1601622 97.2727272727273
48699 1598216 97.2727272727273


1512619 63174 97.2981735653302
1521861 53940 97.2981735653302


53940 1521861 97.2981735653302
63174 1512619 97.2981735653302


128340 132801 97.3451327433628
128452 132689 97.3451327433628


132689 128452 97.3451327433628
132801 128340 97.3451327433628


1210523 1156343 97.7260422306443
1212334 1154497 97.7260422306443


1231221 1146324 97.7260422306443
1233032 1144478 97.7260422306443


1144478 1233032 97.7260422306443
1146324 1231221 97.7260422306443


1154497 1212334 97.7260422306443
1156343 1210523 97.7260422306443


1551155 1551656 97.7611940298508
1551288 1551525 97.7611940298508


1551525 1551288 97.7611940298508
1551656 1551155 97.7611940298508


1542457 63174 97.7954144620811
1546991 58649 97.7954144620811


58649 1546991 97.7954144620811
63174 1542457 97.7954144620811


61273 29758 98.1598317560463
63174 27857 98.1598317560463


1176952 1179317 98.1751824817518
1177499 1178770 98.1751824817518


1178770 1177499 98.1751824817518
1179317 1176952 98.1751824817518


1190397 1192762 98.1751824817518
1190944 1192215 98.1751824817518


1192215 1190944 98.1751824817518
1192762 1190397 98.1751824817518


163012 1623338 98.3651226158038
163378 1622972 98.3651226158038


1614494 63174 98.4470882905448
1622475 55190 98.4470882905448


55190 1622475 98.4470882905448
63174 1614494 98.4470882905448


1206381 1141679 98.5340314136126
1207334 1140725 98.5340314136126


1236221 1160095 98.5340314136126
1237174 1159141 98.5340314136126


1140725 1207334 98.5340314136126
1141679 1206381 98.5340314136126


1159141 1237174 98.5340314136126
1160095 1236221 98.5340314136126


71549 1309004 98.780487804878
74087 1306465 98.780487804878


1306465 74087 98.780487804878
1309004 71549 98.780487804878


1431212 1309004 98.8439306358381
1431557 1308660 98.8439306358381


1431212 95965 98.8439306358381
1431557 95621 98.8439306358381


95621 1431557 98.8439306358381
95965 1431212 98.8439306358381


1377522 1431557 98.8439306358381
1377866 1431212 98.8439306358381


1431212 1377866 98.8439306358381
1431557 1377522 98.8439306358381


1308660 1431557 98.8439306358381
1309004 1431212 98.8439306358381


1610512 205473 98.9721734770619
1622475 193507 98.9721734770619


193507 1622475 98.9721734770619
205473 1610512 98.9721734770619


1207326 1162837 99.0849673202614
1208089 1162073 99.0849673202614


1235466 1138747 99.0849673202614
1236229 1137983 99.0849673202614


1137983 1236229 99.0849673202614
1138747 1235466 99.0849673202614


1162073 1208089 99.0849673202614
1162837 1207326 99.0849673202614


63174 86077 99.1021324354658
64954 84296 99.1021324354658


84296 64954 99.1021324354658
86077 63174 99.1021324354658


71549 95965 99.1335171327294
74087 93429 99.1335171327294


93429 74087 99.1335171327294
95965 71549 99.1335171327294


1375330 74087 99.1335171327294
1377866 71549 99.1335171327294


1422081 86834 99.1335171327294
1424617 84296 99.1335171327294


71549 1377866 99.1335171327294
74087 1375330 99.1335171327294


84296 1424617 99.1335171327294
86834 1422081 99.1335171327294


156879 161225 99.2481203007519
157011 161093 99.2481203007519


161093 157011 99.2481203007519
161225 156879 99.2481203007519


1422081 1299872 99.2727272727273
1422904 1299048 99.2727272727273


1299048 1422904 99.2727272727273
1299872 1422081 99.2727272727273


1287938 830097 99.2753623188406
1288350 829684 99.2753623188406


829684 1288350 99.2753623188406
830097 1287938 99.2753623188406


1727200 241125 99.3521517815826
1737983 230332 99.3521517815826


230332 1737983 99.3521517815826
241125 1727200 99.3521517815826


1700762 185768 99.4596228696671
1727200 159331 99.4596228696671


159331 1727200 99.4596228696671
185768 1700762 99.4596228696671


1700762 155469 99.4691647150664
1713554 142672 99.4691647150664


142672 1713554 99.4691647150664
155469 1700762 99.4691647150664


1583609 63174 99.4739478957916
1591592 55191 99.4739478957916


55191 1591592 99.4739478957916
63174 1583609 99.4739478957916


1552997 1574840 99.5979532163743
1574840 1552997 99.5979532163743


1552997 1574840 99.5979532163743
1574840 1552997 99.5979532163743


1579627 205473 99.6072204579642
1591592 193508 99.6072204579642


193508 1591592 99.6072204579642
205473 1579627 99.6072204579642


1557514 1570323 99.7348703170029
1574840 1552997 99.7348703170029


1379578 1420369 99.7502570882915
1420369 1379578 99.7502570882915


1383928 1416019 99.7588049883514
1420369 1379578 99.7588049883514


1413691 1317397 99.7706293706294
1431557 1299527 99.7706293706294


1299527 1431557 99.7706293706294
1317397 1413691 99.7706293706294


63174 1308248 99.7826795610127
72373 1299048 99.7826795610127


1299048 72373 99.7826795610127
1308248 63174 99.7826795610127


1379578 1420369 99.8334353949786
1420369 1379578 99.8334353949786


202783 1507925 99.9256781865478
205473 1505235 99.9256781865478


1505235 205473 99.9256781865478
1507925 202783 99.9256781865478


1359916 240816 99.9435559736595
1370544 230189 99.9435559736595


230189 1370544 99.9435559736595
240816 1359916 99.9435559736595


1242949 1278022 99.9600912200684
1278022 1242949 99.9600912200684


205473 240756 99.9773294037633
240756 205473 99.9773294037633


1737983 1773849 99.9776972400335
1773849 1737983 99.9776972400335


1640735 205473 99.9783596624107
1645355 200853 99.9783596624107


200853 1645355 99.9783596624107
205473 1640735 99.9783596624107


1270802 1299048 99.9787610619469
1299048 1270802 99.9787610619469


185768 1494190 99.9793359966938
200285 1479673 99.9793359966938


1479673 200285 99.9793359966938
1494190 185768 99.9793359966938


1165414 1204300 99.9794291591669
1204300 1165414 99.9794291591669


1552997 1574840 99.9816900119015
1574840 1552997 99.9816900119015


1440707 1479673 99.9846035411855
1479673 1440707 99.9846035411855


1788541 1830640 99.9857488955394
1830640 1788541 99.9857488955394


1135406 1165414 99.9866711096301
1165414 1135406 99.9866711096301


1370544 1429403 99.9898066664401
1429403 1370544 99.9898066664401


1645355 1699198 99.9925714073469
1699198 1645355 99.9925714073469


1683853 1122257 99.9940866891372
1700762 1105347 99.9940866891372


1105347 1700762 99.9940866891372
1122257 1683853 99.9940866891372


1200606 1242949 99.9952767806537
1242949 1200606 99.9952767806537


63174 1299115 100
63241 1299048 100


1441588 1478738 100
1441837 1478489 100


1441642 1478792 100
1441891 1478543 100


1478489 1441837 100
1478738 1441588 100


1478543 1441891 100
1478792 1441642 100


1488677 1493226 100
1488808 1493095 100


1493095 1488808 100
1493226 1488677 100


45296 1496345 100
61968 1479673 100


