#-- forward hits sorted by %sim
0 0 0
0 0 0


1198476 1470117 78.9173789173789
1199173 1470814 78.9173789173789


1449566 1170541 78.9173789173789
1450263 1171238 78.9173789173789


1470117 1198476 78.9173789173789
1470814 1199173 78.9173789173789


1170541 1449566 78.9473684210526
1171238 1450263 78.9473684210526


106352 16057 80.3964757709251
106801 16506 80.3964757709251


137152 16057 80.3964757709251
137601 16506 80.3964757709251


16057 137152 80.3964757709251
16506 137601 80.3964757709251


16057 106352 80.3964757709251
16506 106801 80.3964757709251


1492786 1597905 80.5309734513274
1493000 1598128 80.5309734513274


1625627 1838975 81.283422459893
1626726 1840092 81.283422459893


1838975 1625627 81.283422459893
1840092 1626726 81.283422459893


1186134 1435488 81.4298978644382
1187203 1436560 81.4298978644382


1435488 1186134 81.4298978644382
1436560 1187203 81.4298978644382


1838975 1489109 81.5672306322351
1840092 1490208 81.5672306322351


1489109 1838975 81.5672306322351
1490208 1840092 81.5672306322351


1523234 1839003 82.051282051282
1524305 1840092 82.051282051282


1839003 1523234 82.051282051282
1840092 1524305 82.051282051282


183630 1488277 82.1002386634845
184047 1488694 82.1002386634845


1488277 183630 82.1002386634845
1488694 184047 82.1002386634845


1702475 191264 82.1002386634845
1702892 191681 82.1002386634845


1702475 52947 82.1002386634845
1702892 53364 82.1002386634845


52947 1702475 82.1002386634845
53364 1702892 82.1002386634845


191264 1702475 82.1002386634845
191681 1702892 82.1002386634845


1624807 153331 82.1243523316062
1625191 153715 82.1243523316062


1624807 183630 82.1243523316062
1625191 184014 82.1243523316062


153331 1624807 82.1243523316062
153715 1625191 82.1243523316062


183630 1624807 82.1243523316062
184014 1625191 82.1243523316062


1125958 1130424 82.1969696969697
1126675 1131191 82.1969696969697


1130424 1125958 82.1969696969697
1131191 1126675 82.1969696969697


153331 1488277 82.3383084577114
153731 1488677 82.3383084577114


1488277 153331 82.3383084577114
1488677 153731 82.3383084577114


1593392 153331 82.3389021479714
1593809 153748 82.3389021479714


1593392 183630 82.3389021479714
1593809 184047 82.3389021479714


153331 1593392 82.3389021479714
153748 1593809 82.3389021479714


183630 1593392 82.3389021479714
184047 1593809 82.3389021479714


1322911 1350874 82.4335904027421
1324071 1352034 82.4335904027421


1322911 1324376 82.4335904027421
1324071 1325536 82.4335904027421


1324376 1322911 82.4335904027421
1325536 1324071 82.4335904027421


1324376 1349409 82.4335904027421
1325536 1350569 82.4335904027421


1349409 1324376 82.4335904027421
1350569 1325536 82.4335904027421


1349409 1350874 82.4335904027421
1350569 1352034 82.4335904027421


1350874 1349409 82.4335904027421
1352034 1350569 82.4335904027421


1350874 1322911 82.4335904027421
1352034 1324071 82.4335904027421


127941 153331 82.5436408977556
128340 153730 82.5436408977556


153331 127941 82.5436408977556
153730 128340 82.5436408977556


127941 183630 82.6732673267327
128343 184032 82.6732673267327


183630 127941 82.6732673267327
184032 128343 82.6732673267327


5983 1487191 83.2446808510638
6342 1487566 83.2446808510638


36634 1487191 83.2446808510638
36993 1487566 83.2446808510638


1487191 5983 83.2446808510638
1487566 6342 83.2446808510638


1487191 36634 83.2446808510638
1487566 36993 83.2446808510638


1702508 161212 83.3746898263027
1702907 161611 83.3746898263027


1724914 183615 83.3746898263027
1725313 184014 83.3746898263027


1724914 153316 83.3746898263027
1725313 153715 83.3746898263027


153316 1724914 83.3746898263027
153715 1725313 83.3746898263027


161212 1702508 83.3746898263027
161611 1702907 83.3746898263027


183615 1724914 83.3746898263027
184014 1725313 83.3746898263027


1726361 1839609 83.5699797160243
1726851 1840092 83.5699797160243


1839609 1726361 83.5699797160243
1840092 1726851 83.5699797160243


131539 1491914 83.9901477832512
131942 1492318 83.9901477832512


1491914 131539 83.9901477832512
1492318 131942 83.9901477832512


1701792 104452 83.993399339934
1702394 105056 83.993399339934


104452 1701792 83.993399339934
105056 1702394 83.993399339934


106328 1497388 84.0816326530612
107047 1498120 84.0816326530612


137128 1497388 84.0816326530612
137847 1498120 84.0816326530612


1497388 106328 84.0816326530612
1498120 107047 84.0816326530612


1497388 137128 84.0816326530612
1498120 137847 84.0816326530612


1602665 106328 84.0816326530612
1603397 107047 84.0816326530612


1602665 137128 84.0816326530612
1603397 137847 84.0816326530612


106328 1602665 84.0816326530612
107047 1603397 84.0816326530612


137128 1602665 84.0816326530612
137847 1603397 84.0816326530612


105731 15490 84.1432225063939
106121 15868 84.1432225063939


136531 15490 84.1432225063939
136921 15868 84.1432225063939


15490 105731 84.1432225063939
15868 106121 84.1432225063939


15490 136531 84.1432225063939
15868 136921 84.1432225063939


16385 1497746 84.1688654353562
16754 1498123 84.1688654353562


1497746 16385 84.1688654353562
1498123 16754 84.1688654353562


1603023 16385 84.1688654353562
1603400 16754 84.1688654353562


16385 1603023 84.1688654353562
16754 1603400 84.1688654353562


1597498 1623338 84.4559585492228
1597690 1623530 84.4559585492228


1623338 1597498 84.4559585492228
1623530 1597690 84.4559585492228


154481 1836546 84.5864661654135
154745 1836810 84.5864661654135


154481 1845932 84.5864661654135
154745 1846196 84.5864661654135


184780 1836546 84.5864661654135
185044 1836810 84.5864661654135


184780 1845932 84.5864661654135
185044 1846196 84.5864661654135


1836546 154481 84.5864661654135
1836810 154745 84.5864661654135


1836546 184780 84.5864661654135
1836810 185044 84.5864661654135


1845932 154481 84.5864661654135
1846196 154745 84.5864661654135


1845932 184780 84.5864661654135
1846196 185044 84.5864661654135


1700762 43996 84.6153846153846
1702072 45296 84.6153846153846


43996 1700762 84.6153846153846
45296 1702072 84.6153846153846


1700762 134232 84.6294046172539
1702394 135856 84.6294046172539


134232 1700762 84.6294046172539
135856 1702394 84.6294046172539


1700762 13345 84.638196915777
1702429 14997 84.638196915777


13345 1700762 84.638196915777
14997 1702429 84.638196915777


1548316 1260983 84.6715328467153
1548856 1261519 84.6715328467153


1260983 1548316 84.6715328467153
1261519 1548856 84.6715328467153


1528813 1700762 84.6901579586877
1530430 1702394 84.6901579586877


1700762 1528813 84.6901579586877
1702394 1530430 84.6901579586877


1597427 1623321 84.7619047619048
1597636 1623530 84.7619047619048


1623321 1597427 84.7619047619048
1623530 1597636 84.7619047619048


1123044 1125333 84.7686592367444
1125967 1128022 84.7686592367444


1125333 1123044 84.7686592367444
1128022 1125967 84.7686592367444


1169101 1448126 84.7826086956522
1170017 1449016 84.7826086956522


1199697 1471364 84.7826086956522
1200613 1472254 84.7826086956522


1448126 1169101 84.7826086956522
1449016 1170017 84.7826086956522


1471364 1199697 84.7826086956522
1472254 1200613 84.7826086956522


1631687 103971 84.8158131176999
1632796 105080 84.8158131176999


103971 1631687 84.8158131176999
105080 1632796 84.8158131176999


1285347 1435488 85.0634371395617
1287071 1437208 85.0634371395617


1435488 1285347 85.0634371395617
1437208 1287071 85.0634371395617


1260983 1432930 85.0694444444444
1261267 1433212 85.0694444444444


1432930 1260983 85.0694444444444
1433212 1261267 85.0694444444444


1125960 1128696 85.1288056206089
1128337 1131191 85.1288056206089


1128696 1125960 85.1288056206089
1131191 1128337 85.1288056206089


1703315 135789 85.1449275362319
1703856 136339 85.1449275362319


1703315 104989 85.1449275362319
1703856 105539 85.1449275362319


104989 1703315 85.1449275362319
105539 1703856 85.1449275362319


135789 1703315 85.1449275362319
136339 1703856 85.1449275362319


1124346 1125960 85.1581508515815
1125974 1127450 85.1581508515815


1125960 1124346 85.1581508515815
1127450 1125974 85.1581508515815


1591541 1622970 85.2719665271967
1592647 1624130 85.2719665271967


1622970 1591541 85.2719665271967
1624130 1592647 85.2719665271967


1283339 1204753 85.5491329479769
1283511 1204925 85.5491329479769


1286340 1238630 85.5491329479769
1286512 1238802 85.5491329479769


1204753 1283339 85.5491329479769
1204925 1283511 85.5491329479769


1238630 1286340 85.5491329479769
1238802 1286512 85.5491329479769


1700763 1494662 85.6088560885609
1702370 1496260 85.6088560885609


1494662 1700763 85.6088560885609
1496260 1702370 85.6088560885609


1599938 1700762 85.740626920713
1601537 1702370 85.740626920713


1700762 1599938 85.740626920713
1702370 1601537 85.740626920713


1802840 1803861 85.781990521327
1803242 1804282 85.781990521327


1803861 1802840 85.781990521327
1804282 1803242 85.781990521327


1814900 1815940 85.781990521327
1815321 1816342 85.781990521327


1815940 1814900 85.781990521327
1816342 1815321 85.781990521327


1396127 1461359 85.8880778588808
1396532 1461769 85.8880778588808


1403415 1458613 85.8880778588808
1403820 1459023 85.8880778588808


1458613 1403415 85.8880778588808
1459023 1403820 85.8880778588808


1461359 1396127 85.8880778588808
1461769 1396532 85.8880778588808


1285346 1186133 85.9042553191489
1286096 1186882 85.9042553191489


1186133 1285346 85.9042553191489
1186882 1286096 85.9042553191489


1283755 1182831 85.9416445623342
1284507 1183580 85.9416445623342


1182831 1283755 85.9416445623342
1183580 1284507 85.9416445623342


131693 10842 85.952380952381
132109 11260 85.952380952381


131693 41493 85.952380952381
132109 41911 85.952380952381


10842 131693 85.952380952381
11260 132109 85.952380952381


41493 131693 85.952380952381
41911 132109 85.952380952381


1521348 1623790 86.0677083333333
1522876 1625311 86.0677083333333


1623790 1521348 86.0677083333333
1625311 1522876 86.0677083333333


1280629 1202732 86.0730593607306
1281500 1203599 86.0730593607306


1288351 1239956 86.0730593607306
1289222 1240823 86.0730593607306


1288351 1166115 86.0730593607306
1289222 1166982 86.0730593607306


1166115 1288351 86.0730593607306
1166982 1289222 86.0730593607306


1202732 1280629 86.0730593607306
1203599 1281500 86.0730593607306


1239956 1288351 86.0730593607306
1240823 1289222 86.0730593607306


288910 288811 86.1198738170347
289223 289124 86.1198738170347


1125963 1128117 86.2090880203368
1128901 1131191 86.2090880203368


1128117 1125963 86.2090880203368
1131191 1128901 86.2090880203368


1125963 1129844 86.2371888726208
1127233 1131191 86.2371888726208


1129844 1125963 86.2371888726208
1131191 1127233 86.2371888726208


1181910 1238812 86.3057324840764
1182222 1239124 86.3057324840764


1187493 1204431 86.3057324840764
1187805 1204743 86.3057324840764


1204431 1187493 86.3057324840764
1204743 1187805 86.3057324840764


1238812 1181910 86.3057324840764
1239124 1182222 86.3057324840764


1522222 1593246 86.3207547169811
1523691 1594713 86.3207547169811


1593246 1522222 86.3207547169811
1594713 1523691 86.3207547169811


1394384 1456928 86.3509749303621
1395095 1457642 86.3509749303621


1404852 1462740 86.3509749303621
1405563 1463454 86.3509749303621


1456928 1394384 86.3509749303621
1457642 1395095 86.3509749303621


1462740 1404852 86.3509749303621
1463454 1405563 86.3509749303621


45381 184152 86.3832409118916
46979 185767 86.3832409118916


184152 45381 86.3832409118916
185767 46979 86.3832409118916


1123044 1126320 86.5177502991623
1127740 1131191 86.5177502991623


1126320 1123044 86.5177502991623
1131191 1127740 86.5177502991623


1723857 1487191 86.6666666666667
1724170 1487520 86.6666666666667


192438 162355 86.6666666666667
192767 162668 86.6666666666667


54121 162355 86.6666666666667
54450 162668 86.6666666666667


162355 192438 86.6666666666667
162668 192767 86.6666666666667


162355 54121 86.6666666666667
162668 54450 86.6666666666667


1487191 1723857 86.6666666666667
1487520 1724170 86.6666666666667


1125958 1126465 86.7101508357114
1130628 1131191 86.7101508357114


1126465 1125958 86.7101508357114
1131191 1130628 86.7101508357114


1521348 36634 86.968085106383
1521723 36993 86.968085106383


1521348 5983 86.968085106383
1521723 6342 86.968085106383


5983 1521348 86.968085106383
6342 1521723 86.968085106383


36634 1521348 86.968085106383
36993 1521723 86.968085106383


1521348 1723857 87.0689655172414
1521695 1724188 87.0689655172414


1723857 1521348 87.0689655172414
1724188 1521695 87.0689655172414


1123197 1125963 87.1024734982332
1125974 1128617 87.1024734982332


1125963 1123197 87.1024734982332
1128617 1125974 87.1024734982332


1624661 1724783 87.136086662153
1626121 1726242 87.136086662153


1724783 1624661 87.136086662153
1726242 1626121 87.136086662153


1522248 1724809 87.1527777777778
1522535 1725096 87.1527777777778


1724809 1522248 87.1527777777778
1725096 1522535 87.1527777777778


1188315 1437671 87.1720116618076
1188657 1438013 87.1720116618076


1437671 1188315 87.1720116618076
1438013 1188657 87.1720116618076


1204239 1436660 87.2047244094488
1204746 1437165 87.2047244094488


1436660 1204239 87.2047244094488
1437165 1204746 87.2047244094488


8496 1839609 87.2651356993737
8974 1840086 87.2651356993737


39147 1839609 87.2651356993737
39625 1840086 87.2651356993737


129392 1839609 87.2651356993737
129869 1840086 87.2651356993737


1839609 8496 87.2651356993737
1840086 8974 87.2651356993737


1839609 39147 87.2651356993737
1840086 39625 87.2651356993737


1839609 129392 87.2651356993737
1840086 129869 87.2651356993737


1624661 6910 87.3048200950441
1626121 8377 87.3048200950441


1624661 37561 87.3048200950441
1626121 39028 87.3048200950441


6910 1624661 87.3048200950441
8377 1626121 87.3048200950441


37561 1624661 87.3048200950441
39028 1626121 87.3048200950441


1187489 1436847 87.3320537428023
1188008 1437366 87.3320537428023


1436847 1187489 87.3320537428023
1437366 1188008 87.3320537428023


1544272 119959 87.3906705539359
1546991 122667 87.3906705539359


119959 1544272 87.3906705539359
122667 1546991 87.3906705539359


1623538 1723605 87.4581939799331
1624134 1724186 87.4581939799331


1723605 1623538 87.4581939799331
1724186 1624134 87.4581939799331


1594841 1839609 87.4739039665971
1595318 1840086 87.4739039665971


1839609 1594841 87.4739039665971
1840086 1595318 87.4739039665971


6465 1487686 87.6097057305111
8377 1489603 87.6097057305111


37116 1487686 87.6097057305111
39028 1489603 87.6097057305111


1487686 6465 87.6097057305111
1489603 8377 87.6097057305111


1487686 37116 87.6097057305111
1489603 39028 87.6097057305111


1282825 1238811 87.6470588235294
1283331 1239319 87.6470588235294


1286520 1204236 87.6470588235294
1287026 1204744 87.6470588235294


1204236 1286520 87.6470588235294
1204744 1287026 87.6470588235294


1238811 1282825 87.6470588235294
1239319 1283331 87.6470588235294


1522222 127795 87.6943881000676
1523691 129264 87.6943881000676


127795 1522222 87.6943881000676
129264 1523691 87.6943881000676


1125960 1127532 87.8592532903572
1129474 1131191 87.8592532903572


1127532 1125960 87.8592532903572
1131191 1129474 87.8592532903572


1622970 126073 87.8813559322034
1624130 127203 87.8813559322034


126073 1622970 87.8813559322034
127203 1624130 87.8813559322034


1243024 1223205 87.9684418145957
1244035 1224197 87.9684418145957


1276936 1219358 87.9684418145957
1277947 1220350 87.9684418145957


1291904 1223205 87.9684418145957
1292915 1224197 87.9684418145957


1219358 1276936 87.9684418145957
1220350 1277947 87.9684418145957


1223205 1243024 87.9684418145957
1224197 1244035 87.9684418145957


1223205 1291904 87.9684418145957
1224197 1292915 87.9684418145957


1123042 1124191 88.0040664181633
1125963 1126944 88.0040664181633


1124191 1123042 88.0040664181633
1126944 1125963 88.0040664181633


1623532 36376 88.0434782608696
1624174 37003 88.0434782608696


1623532 5725 88.0434782608696
1624174 6352 88.0434782608696


5725 1623532 88.0434782608696
6352 1624174 88.0434782608696


36376 1623532 88.0434782608696
37003 1624174 88.0434782608696


1526405 1526546 88.0952380952381
1526529 1526670 88.0952380952381


1526546 1526405 88.0952380952381
1526670 1526529 88.0952380952381


1724332 1487680 88.1981981981982
1725432 1488786 88.1981981981982


191172 161093 88.1981981981982
192278 162193 88.1981981981982


52855 161093 88.1981981981982
53961 162193 88.1981981981982


1487680 1724332 88.1981981981982
1488786 1725432 88.1981981981982


161093 191172 88.2088208820882
162193 192278 88.2088208820882


161093 52855 88.2088208820882
162193 53961 88.2088208820882


1623790 1487191 88.2978723404255
1624164 1487566 88.2978723404255


1487191 1623790 88.2978723404255
1487566 1624164 88.2978723404255


7427 156879 88.3597883597884
7612 157060 88.3597883597884


38078 156879 88.3597883597884
38263 157060 88.3597883597884


156879 7427 88.3597883597884
157060 7612 88.3597883597884


156879 38078 88.3597883597884
157060 38263 88.3597883597884


1592017 1723567 88.4730132899376
1595673 1727200 88.4730132899376


1723567 1592017 88.4730132899376
1727200 1595673 88.4730132899376


1436959 1439900 88.8475836431227
1437496 1440437 88.8475836431227


1439900 1436959 88.8475836431227
1440437 1437496 88.8475836431227


156905 1488677 88.8888888888889
157036 1488808 88.8888888888889


1488677 156905 88.8888888888889
1488808 157036 88.8888888888889


1521348 1592307 88.8888888888889
1521680 1592638 88.8888888888889


1592307 1521348 88.8888888888889
1592638 1521680 88.8888888888889


1723513 5606 88.9333333333333
1727200 9329 88.9333333333333


1723513 36257 88.9333333333333
1727200 39980 88.9333333333333


5606 1723513 88.9333333333333
9329 1727200 88.9333333333333


36257 1723513 88.9333333333333
39980 1727200 88.9333333333333


288811 288910 88.9473684210526
289000 289096 88.9473684210526


1598367 191150 89.1304347826087
1598503 191281 89.1304347826087


1598367 52833 89.1304347826087
1598503 52964 89.1304347826087


52833 1598367 89.1304347826087
52964 1598503 89.1304347826087


191150 1598367 89.1304347826087
191281 1598503 89.1304347826087


1142802 215668 89.1566265060241
1142966 215829 89.1566265060241


1157854 230400 89.1566265060241
1158018 230561 89.1566265060241


215668 1142802 89.1566265060241
215829 1142966 89.1566265060241


230400 1157854 89.1566265060241
230561 1158018 89.1566265060241


1370172 1142802 89.1566265060241
1370333 1142966 89.1566265060241


1737754 1142802 89.1566265060241
1737915 1142966 89.1566265060241


1142802 1737754 89.1566265060241
1142966 1737915 89.1566265060241


1142802 1370172 89.1566265060241
1142966 1370333 89.1566265060241


1723605 126620 89.1797556719023
1724170 127191 89.1797556719023


126620 1723605 89.1797556719023
127191 1724170 89.1797556719023


1123042 1126882 89.2117568470274
1125974 1129762 89.2117568470274


1126882 1123042 89.2117568470274
1129762 1125974 89.2117568470274


1396606 1139374 89.4067796610169
1396840 1139609 89.4067796610169


1403107 1161211 89.4067796610169
1403341 1161446 89.4067796610169


1139374 1396606 89.4067796610169
1139609 1396840 89.4067796610169


1161211 1403107 89.4067796610169
1161446 1403341 89.4067796610169


1125963 1127034 89.484927605032
1130019 1131161 89.484927605032


1127034 1125963 89.484927605032
1131161 1130019 89.484927605032


1522992 1725537 89.6159317211949
1523691 1726233 89.6159317211949


1725537 1522992 89.6159317211949
1726233 1523691 89.6159317211949


1288351 1438457 89.6168108776267
1289159 1439265 89.6168108776267


1438457 1288351 89.6168108776267
1439265 1289159 89.6168108776267


1593792 156905 89.7058823529412
1593925 157036 89.7058823529412


156905 1593792 89.7058823529412
157036 1593925 89.7058823529412


7427 186706 89.7849462365591
7612 186887 89.7849462365591


38078 186706 89.7849462365591
38263 186887 89.7849462365591


48389 7427 89.7849462365591
48570 7612 89.7849462365591


48389 38078 89.7849462365591
48570 38263 89.7849462365591


186706 38078 89.7849462365591
186887 38263 89.7849462365591


186706 7427 89.7849462365591
186887 7612 89.7849462365591


7427 48389 89.7849462365591
7612 48570 89.7849462365591


38078 48389 89.7849462365591
38263 48570 89.7849462365591


1165584 1437924 89.9197592778335
1167568 1439903 89.9197592778335


1239425 1437924 89.9197592778335
1241409 1439903 89.9197592778335


1437924 1239425 89.9197592778335
1439903 1241409 89.9197592778335


1437924 1165584 89.9197592778335
1439903 1167568 89.9197592778335


1522222 1488131 89.9410464259396
1524920 1490823 89.9410464259396


1488131 1522222 89.9410464259396
1490823 1524920 89.9410464259396


1238630 1436477 90.2298850574713
1238802 1436649 90.2298850574713


1436477 1238630 90.2298850574713
1436649 1238802 90.2298850574713


103970 13883 90.3467666354264
105032 14944 90.3467666354264


13883 103970 90.3467666354264
14944 105032 90.3467666354264


132664 191150 90.3703703703704
132797 191281 90.3703703703704


52833 132664 90.3703703703704
52964 132797 90.3703703703704


191150 132664 90.3703703703704
191281 132797 90.3703703703704


132664 52833 90.3703703703704
132797 52964 90.3703703703704


119985 29770 90.3880463871543
124431 34225 90.3880463871543


29770 119985 90.3880463871543
34225 124431 90.3880463871543


1123044 1130273 90.4185022026432
1123934 1131159 90.4185022026432


1130273 1123044 90.4185022026432
1131159 1123934 90.4185022026432


1725537 1488898 90.436005625879
1726242 1489603 90.436005625879


1629250 132390 90.436005625879
1632796 135880 90.436005625879


1488898 1725537 90.436005625879
1489603 1726242 90.436005625879


132390 1629250 90.436005625879
135880 1632796 90.436005625879


1125486 1125963 90.4458598726115
1125799 1126273 90.4458598726115


1125963 1125486 90.4458598726115
1126273 1125799 90.4458598726115


1400298 1261974 90.4985888993415
1401348 1263026 90.4985888993415


1261974 1400298 90.4985888993415
1263026 1401348 90.4985888993415


1522991 38317 90.5367231638418
1523691 39019 90.5367231638418


1522991 7666 90.5367231638418
1523691 8368 90.5367231638418


7666 1522991 90.5367231638418
8368 1523691 90.5367231638418


38317 1522991 90.5367231638418
39019 1523691 90.5367231638418


1625182 156883 90.5555555555556
1625359 157060 90.5555555555556


156883 1625182 90.5555555555556
157060 1625359 90.5555555555556


1724296 127309 90.5834186284545
1727200 130224 90.5834186284545


127309 1724296 90.5834186284545
130224 1727200 90.5834186284545


1398598 1257939 90.6015037593985
1399649 1258991 90.6015037593985


1257939 1398598 90.6015037593985
1258991 1399649 90.6015037593985


105731 1496767 90.6103286384976
105943 1496975 90.6103286384976


136531 1496767 90.6103286384976
136743 1496975 90.6103286384976


1496767 105731 90.6103286384976
1496975 105943 90.6103286384976


1496767 136531 90.6103286384976
1496975 136743 90.6103286384976


1602044 105731 90.6103286384976
1602252 105943 90.6103286384976


1602044 136531 90.6103286384976
1602252 136743 90.6103286384976


105731 1602044 90.6103286384976
105943 1602252 90.6103286384976


136531 1602044 90.6103286384976
136743 1602252 90.6103286384976


1123044 1129119 90.68673565381
1125127 1131191 90.68673565381


1129119 1123044 90.68673565381
1131191 1125127 90.68673565381


1717107 120048 90.7222818586106
1723598 126493 90.7222818586106


120048 1717107 90.7222818586106
126493 1723598 90.7222818586106


1123044 1130848 90.7303370786517
1123399 1131191 90.7303370786517


1130848 1123044 90.7303370786517
1131191 1123399 90.7303370786517


1625414 128567 90.819209039548
1626121 129273 90.819209039548


128567 1625414 90.819209039548
129273 1626121 90.819209039548


1726352 1489716 90.8235294117647
1727200 1490557 90.8235294117647


1489716 1726352 90.8235294117647
1490557 1727200 90.8235294117647


1282780 1181864 90.9090909090909
1283141 1182226 90.9090909090909


1286710 1187489 90.9090909090909
1287071 1187851 90.9090909090909


1181864 1282780 90.9090909090909
1182226 1283141 90.9090909090909


1187489 1286710 90.9090909090909
1187851 1287071 90.9090909090909


1626234 1726352 90.9411764705882
1627075 1727200 90.9411764705882


1726352 1626234 90.9411764705882
1727200 1627075 90.9411764705882


1592801 6465 90.9467644246095
1595922 9578 90.9467644246095


1592801 37116 90.9467644246095
1595922 40229 90.9467644246095


6465 1592801 90.9467644246095
9578 1595922 90.9467644246095


37116 1592801 90.9467644246095
40229 1595922 90.9467644246095


1123042 1129689 90.974025974026
1124554 1131191 90.974025974026


1129689 1123042 90.974025974026
1131191 1124554 90.974025974026


1221572 78985 91.1057692307692
1221983 79398 91.1057692307692


78985 1221572 91.1057692307692
79398 1221983 91.1057692307692


1625182 186710 91.1111111111111
1625359 186887 91.1111111111111


1625182 48393 91.1111111111111
1625359 48570 91.1111111111111


48393 1625182 91.1111111111111
48570 1625359 91.1111111111111


186710 1625182 91.1111111111111
186887 1625359 91.1111111111111


128340 156901 91.1504424778761
128452 157011 91.1504424778761


156901 128340 91.1504424778761
157011 128452 91.1504424778761


1523813 1726352 91.1764705882353
1524654 1727200 91.1764705882353


1726352 1523813 91.1764705882353
1727200 1524654 91.1764705882353


127299 6417 91.1939830774052
130475 9580 91.1939830774052


127299 37068 91.1939830774052
130475 40231 91.1939830774052


6417 127299 91.1939830774052
9580 130475 91.1939830774052


37068 127299 91.1939830774052
40231 130475 91.1939830774052


128340 186728 91.2280701754386
128452 186841 91.2280701754386


48411 128340 91.2280701754386
48524 128452 91.2280701754386


186728 128340 91.2280701754386
186841 128452 91.2280701754386


128340 48411 91.2280701754386
128452 48524 91.2280701754386


1629492 11695 91.2296841459675
1632748 14944 91.2296841459675


11695 1629492 91.2296841459675
14944 1632748 91.2296841459675


129383 1489716 91.2359550561798
130716 1491049 91.2359550561798


1489716 129383 91.2359550561798
1491049 130716 91.2359550561798


1267474 1296486 91.2669126691267
1268285 1297296 91.2669126691267


1296486 1267474 91.2669126691267
1297296 1268285 91.2669126691267


1123044 1128546 91.275415896488
1125694 1131191 91.275415896488


1128546 1123044 91.275415896488
1131191 1125694 91.275415896488


103970 1495199 91.2757973733583
105032 1496260 91.2757973733583


1495199 103970 91.2757973733583
1496260 105032 91.2757973733583


1247605 1267474 91.2776412776413
1248416 1268285 91.2776412776413


1252685 1272554 91.2776412776413
1253496 1273365 91.2776412776413


1267474 1247605 91.2776412776413
1268285 1248416 91.2776412776413


1272554 1252685 91.2776412776413
1273365 1253496 91.2776412776413


1527116 1629430 91.3532721350311
1530458 1632801 91.3532721350311


1629430 1527116 91.3532721350311
1632801 1530458 91.3532721350311


103970 44534 91.3612565445026
104732 45296 91.3612565445026


44534 103970 91.3612565445026
45296 104732 91.3612565445026


1600476 103970 91.3696060037524
1601537 105032 91.3696060037524


103970 1600476 91.3696060037524
105032 1601537 91.3696060037524


1142611 1143999 91.3934426229508
1142851 1144240 91.3934426229508


1143999 1142611 91.3934426229508
1144240 1142851 91.3934426229508


1156581 1157969 91.3934426229508
1156822 1158209 91.3934426229508


1157969 1156581 91.3934426229508
1158209 1156822 91.3934426229508


1526031 10684 91.4046595792807
1530431 14968 91.4046595792807


10684 1526031 91.4046595792807
14968 1530431 91.4046595792807


1626234 39138 91.4990859232175
1627326 40231 91.4990859232175


1626234 8487 91.4990859232175
1627326 9580 91.4990859232175


8487 1626234 91.4990859232175
9580 1627326 91.4990859232175


39138 1626234 91.4990859232175
40231 1627326 91.4990859232175


1123044 1127379 91.566265060241
1125967 1130337 91.566265060241


1127379 1123044 91.566265060241
1130337 1125967 91.566265060241


45381 153853 91.5828784831945
48832 157322 91.5828784831945


153853 45381 91.5828784831945
157322 48832 91.5828784831945


124702 3849 91.6566866267465
127203 6308 91.6566866267465


124702 34500 91.6566866267465
127203 36959 91.6566866267465


3849 124702 91.6566866267465
6308 127203 91.6566866267465


34500 124702 91.6566866267465
36959 127203 91.6566866267465


1629430 1492964 91.6716417910448
1632772 1496284 91.6716417910448


1492964 1629430 91.6716417910448
1496284 1632772 91.6716417910448


1629492 42346 91.6977295831921
1632439 45287 91.6977295831921


42346 1629492 91.6977295831921
45287 1632439 91.6977295831921


1631149 1700763 91.7632702867602
1632765 1702387 91.7632702867602


1700763 1631149 91.7632702867602
1702387 1632765 91.7632702867602


1527272 161093 91.7910447761194
1527404 161225 91.7910447761194


161093 1527272 91.7910447761194
161225 1527404 91.7910447761194


1526031 41335 91.8172936003908
1530113 45296 91.8172936003908


41335 1526031 91.8172936003908
45296 1530113 91.8172936003908


156099 1837786 91.8194640338505
156806 1838493 91.8194640338505


156099 1847172 91.8194640338505
156806 1847879 91.8194640338505


1837786 156099 91.8194640338505
1838493 156806 91.8194640338505


1847172 156099 91.8194640338505
1847879 156806 91.8194640338505


190355 160282 91.830985915493
191060 160987 91.830985915493


52038 160282 91.830985915493
52743 160987 91.830985915493


160282 190355 91.830985915493
160987 191060 91.830985915493


160282 52038 91.830985915493
160987 52743 91.830985915493


1593246 1624661 91.85733512786
1594722 1626121 91.85733512786


1624661 1593246 91.85733512786
1626121 1594722 91.85733512786


1704082 106956 91.9332291752323
1716218 119085 91.9332291752323


106956 1704082 91.9338924518994
119085 1716218 91.9338924518994


1597664 1629041 91.9395465994962
1598059 1629437 91.9395465994962


1629041 1597664 91.9395465994962
1629437 1598059 91.9395465994962


1123044 1127958 91.9827012641384
1125974 1130919 91.9827012641384


1127958 1123044 91.9827012641384
1130919 1125974 91.9827012641384


1594832 1489716 91.9966301600674
1596016 1490900 91.9966301600674


1489716 1594832 91.9966301600674
1490900 1596016 91.9966301600674


1585424 119959 92.0175558908243
1592650 127206 92.0175558908243


119959 1585424 92.0175558908243
127206 1592650 92.0175558908243


1514434 119959 92.0844752539094
1520608 126124 92.0844752539094


119959 1514434 92.0844752539094
126124 1520608 92.0844752539094


47609 1837786 92.090395480226
48316 1838493 92.090395480226


47609 1847172 92.090395480226
48316 1847879 92.090395480226


185926 1837786 92.090395480226
186633 1838493 92.090395480226


185926 1847172 92.090395480226
186633 1847879 92.090395480226


1837786 185926 92.090395480226
1838493 186633 92.090395480226


1847172 185926 92.090395480226
1847879 186633 92.090395480226


1837786 47609 92.090395480226
1838493 48316 92.090395480226


1847172 47609 92.090395480226
1847879 48316 92.090395480226


8487 1489716 92.1389396709324
9580 1490808 92.1389396709324


39138 1489716 92.1389396709324
40231 1490808 92.1389396709324


1489716 39138 92.1389396709324
1490808 40231 92.1389396709324


1489716 8487 92.1389396709324
1490808 9580 92.1389396709324


1492813 11497 92.209026128266
1496972 15697 92.209026128266


11497 1492813 92.2108762764189
15697 1496972 92.2108762764189


107446 17150 92.3472448367469
119085 28806 92.3472448367469


17150 107446 92.3472448367469
28806 119085 92.3472448367469


1598283 1629492 92.370820668693
1601561 1632772 92.370820668693


1629492 1598283 92.370820668693
1632772 1601561 92.370820668693


1594832 1626234 92.3728813559322
1596010 1627412 92.3728813559322


1626234 1594832 92.3728813559322
1627412 1596010 92.3728813559322


1123042 1123609 92.3785594639866
1125392 1125962 92.3785594639866


1123609 1123042 92.3785594639866
1125962 1125392 92.3785594639866


1704082 137756 92.3904220779221
1709002 142672 92.3904220779221


137756 1704082 92.3919659160073
142672 1709002 92.3919659160073


1598216 11626 92.5036746692798
1602249 15697 92.5036746692798


11626 1598216 92.5036746692798
15697 1602249 92.5036746692798


1522992 1625414 92.507204610951
1525067 1627488 92.507204610951


1625414 1522992 92.507204610951
1627488 1525067 92.507204610951


121288 425 92.5118483412322
124431 3574 92.5118483412322


425 121288 92.5118483412322
3574 124431 92.5118483412322


1507925 1504529 92.6263219741481
1511327 1507925 92.6263219741481


1504529 1507925 92.6263219741481
1507925 1511327 92.6263219741481


1628768 1628855 92.6267281105991
1628983 1629070 92.6267281105991


1628855 1628768 92.6267281105991
1629070 1628983 92.6267281105991


1493117 161093 92.6470588235294
1493252 161225 92.6470588235294


1725300 186706 92.6470588235294
1725432 186841 92.6470588235294


1725300 48389 92.6470588235294
1725432 48524 92.6470588235294


48389 1725300 92.6470588235294
48524 1725432 92.6470588235294


186706 1725300 92.6470588235294
186841 1725432 92.6470588235294


1616309 119959 92.6529953172937
1622474 126124 92.6529953172937


119959 1616309 92.6529953172937
126124 1622474 92.6529953172937


161093 1493117 92.7007299270073
161225 1493252 92.7007299270073


1598393 161093 92.7007299270073
1598529 161225 92.7007299270073


161093 1598393 92.7007299270073
161225 1598529 92.7007299270073


1123044 1124763 92.7243330638642
1124264 1125974 92.7243330638642


1124763 1123044 92.7243330638642
1125974 1124264 92.7243330638642


119959 1480282 92.7266849846452
126118 1486444 92.7266849846452


1480282 119959 92.7266849846452
1486444 126118 92.7266849846452


1523813 39138 92.7787934186472
1524905 40231 92.7787934186472


1523813 8487 92.7787934186472
1524905 9580 92.7787934186472


8487 1523813 92.7787934186472
9580 1524905 92.7787934186472


39138 1523813 92.7787934186472
40231 1524905 92.7787934186472


1704753 1498713 92.796106003245
1713978 1507925 92.796106003245


1498713 1704753 92.7968851395198
1507925 1713978 92.7968851395198


1626234 129383 92.9411764705882
1627423 130572 92.9411764705882


129383 1626234 92.9411764705882
130572 1627423 92.9411764705882


1531941 1498714 93.1788653096579
1541165 1507925 93.1788653096579


1498714 1531941 93.1788653096579
1507925 1541165 93.1788653096579


1590170 3849 93.3306386418755
1592638 6299 93.3306386418755


1590170 34500 93.3306386418755
1592638 36950 93.3306386418755


3849 1590170 93.3306386418755
6299 1592638 93.3306386418755


34500 1590170 93.3306386418755
36950 1592638 93.3306386418755


1593792 186732 93.3333333333333
1593925 186863 93.3333333333333


1593792 48415 93.3333333333333
1593925 48546 93.3333333333333


48415 1593792 93.3333333333333
48546 1593925 93.3333333333333


186732 1593792 93.3333333333333
186863 1593925 93.3333333333333


138246 17150 93.4851217312894
142672 21583 93.4851217312894


17150 138246 93.4851217312894
21583 142672 93.4851217312894


1214548 1216895 93.5012185215272
1215762 1218124 93.5012185215272


1216895 1214548 93.5012185215272
1218124 1215762 93.5012185215272


1225431 1227793 93.5012185215272
1226660 1229007 93.5012185215272


1227793 1225431 93.5012185215272
1229007 1226660 93.5012185215272


1523813 129383 93.5593220338983
1524992 130562 93.5593220338983


129383 1523813 93.5593220338983
130562 1524992 93.5593220338983


17333 1498713 93.6255411255411
26563 1507925 93.6255411255411


1498713 17333 93.6255411255411
1507925 26563 93.6255411255411


127344 1487680 93.7080969571944
129273 1489603 93.7080969571944


1487680 127344 93.7080969571944
1489603 129273 93.7080969571944


189157 159087 93.8305709023941
190242 160172 93.8305709023941


50840 159087 93.8305709023941
51925 160172 93.8305709023941


159087 189157 93.8305709023941
160172 190242 93.8305709023941


159087 50840 93.8305709023941
160172 51925 93.8305709023941


1704745 1634206 93.8651404042211
1715907 1645355 93.8651404042211


1634206 1704745 93.8656889922203
1645355 1715907 93.8656889922203


1704753 1603990 94.0060370849504
1723189 1622467 94.0060370849504


1603990 1704753 94.006360157387
1622467 1723189 94.006360157387


1531903 1634177 94.0283852539498
1543095 1645355 94.0283852539498


1634177 1531903 94.0283852539498
1645355 1543095 94.0283852539498


1523813 1594832 94.0476190476191
1524988 1596007 94.0476190476191


1594832 1523813 94.0476190476191
1596007 1524988 94.0476190476191


132689 161093 94.0740740740741
132823 161225 94.0740740740741


161093 132689 94.0740740740741
161225 132823 94.0740740740741


1526965 1492813 94.0787582638689
1530428 1496282 94.0787582638689


1492813 1526965 94.0787582638689
1496282 1530428 94.0787582638689


3849 1485028 94.1052631578947
5268 1486450 94.1052631578947


34500 1485028 94.1052631578947
35919 1486450 94.1052631578947


1485028 34500 94.1052631578947
1486450 35919 94.1052631578947


1485028 3849 94.1052631578947
1486450 5268 94.1052631578947


126408 36257 94.1860465116279
126493 36342 94.1860465116279


126408 5606 94.1860465116279
126493 5691 94.1860465116279


5606 126408 94.1860465116279
5691 126493 94.1860465116279


36257 126408 94.1860465116279
36342 126493 94.1860465116279


1531948 107635 94.1898954703833
1543414 119094 94.1898954703833


107635 1531948 94.1898954703833
119094 1543414 94.1898954703833


1492813 42148 94.2648922686945
1495961 45296 94.2648922686945


42148 1492813 94.2667089008552
45296 1495961 94.2667089008552


1592307 1487191 94.3069306930693
1594722 1489603 94.3069306930693


1487191 1592307 94.3069306930693
1489603 1594722 94.3069306930693


1634206 17325 94.3375972806154
1645355 28495 94.3375972806154


17325 1634206 94.3375972806154
28495 1645355 94.3375972806154


1706489 1574840 94.3982673846874
1723460 1591856 94.3982673846874


1574840 1706489 94.3985952589991
1591856 1723460 94.3985952589991


1527107 1598229 94.5443645083933
1530428 1601559 94.5443645083933


1598229 1527107 94.5443645083933
1601559 1530428 94.5443645083933


1624661 1488131 94.592645998558
1627413 1490895 94.592645998558


1488131 1624661 94.592645998558
1490895 1627413 94.592645998558


1603990 17333 94.6605960264901
1620790 34231 94.6605960264901


17333 1603990 94.6605960264901
34231 1620790 94.6605960264901


132523 1492954 94.6891973445987
135832 1496260 94.6891973445987


1492954 132523 94.6891973445987
1496260 135832 94.6891973445987


1531941 1603991 94.7088893314745
1546991 1619019 94.7088893314745


1603991 1531941 94.7088893314745
1619019 1546991 94.7088893314745


1598216 42277 94.7490092470277
1601238 45296 94.7490092470277


42277 1598216 94.7490092470277
45296 1601238 94.7490092470277


1507925 1640029 94.7496718544909
1513257 1645355 94.7496718544909


1640029 1507925 94.7496718544909
1645355 1513257 94.7496718544909


1716496 1479673 94.8034741645812
1723196 1486450 94.8034741645812


1479673 1716496 94.8034741645812
1486450 1723196 94.8034741645812


1574840 19070 94.8381567670908
1589899 34225 94.8381567670908


19070 1574840 94.8381567670908
34225 1589899 94.8381567670908


132523 11638 94.9909474954737
135832 14944 94.9909474954737


11638 132523 94.9909474954737
14944 135832 94.9909474954737


1533678 1574840 95.047276001801
1546991 1588134 95.047276001801


1574840 1533678 95.047276001801
1588134 1546991 95.047276001801


5552 36257 95.049504950495
5652 36357 95.049504950495


5552 5606 95.049504950495
5652 5706 95.049504950495


5606 36203 95.049504950495
5706 36303 95.049504950495


5606 5552 95.049504950495
5706 5652 95.049504950495


36203 5606 95.049504950495
36303 5706 95.049504950495


36257 5552 95.049504950495
36357 5652 95.049504950495


36257 36203 95.049504950495
36357 36303 95.049504950495


55191 163329 95.0848303393214
63174 171254 95.0848303393214


163329 55191 95.0848303393214
171254 63174 95.0848303393214


1622972 1723147 95.1327433628319
1623423 1723598 95.1327433628319


1723147 1622972 95.1327433628319
1723598 1623423 95.1327433628319


203207 142672 95.1940035273369
205473 144937 95.1940035273369


142672 203207 95.1940035273369
144937 205473 95.1940035273369


11791 161080 95.2054794520548
11936 161225 95.2054794520548


42442 161080 95.2054794520548
42587 161225 95.2054794520548


161080 11791 95.2054794520548
161225 11936 95.2054794520548


161080 42442 95.2054794520548
161225 42587 95.2054794520548


