version https://git-lfs.github.com/spec/v1
oid sha256:761690920f39d60fae6ac1f0e6f06e9ff55948b7c91ccd3d3e33ad97422f8402
size 939
