version https://git-lfs.github.com/spec/v1
oid sha256:138c411a25299440e8ce1d8fa39371cc1b3f4b56f2be85f2164e74a57086b592
size 2286
