version https://git-lfs.github.com/spec/v1
oid sha256:9b43a0c51d6ea684d6c37c0295e650b1f9ccc6ddb5188c148f1520b5286d0c86
size 534
