#-- reverse hits sorted by %sim
0 0 0
0 0 0


224773 749264 78.9173789173789
225470 748567 78.9173789173789


748567 225470 78.9173789173789
749264 224773 78.9173789173789


769118 197536 78.9173789173789
769815 196839 78.9173789173789


196839 769815 78.9473684210526
197536 769118 78.9473684210526


9045 690466 79.5493934142114
9617 689897 79.5493934142114


689897 9617 79.5493934142114
690466 9045 79.5493934142114


9045 125087 79.967689822294
9660 124471 79.967689822294


9045 720293 79.967689822294
9660 719677 79.967689822294


124471 9660 79.967689822294
125087 9045 79.967689822294


719677 9660 79.967689822294
720293 9045 79.967689822294


57580 264272 80.3964757709251
58029 263823 80.3964757709251


263823 58029 80.3964757709251
264272 57580 80.3964757709251


6122 387506 81.283422459893
7239 386407 81.283422459893


15508 387506 81.283422459893
16625 386407 81.283422459893


386407 16625 81.283422459893
387506 15508 81.283422459893


386407 7239 81.283422459893
387506 6122 81.283422459893


208806 735561 81.4298978644382
209875 734489 81.4298978644382


734489 209875 81.4298978644382
735561 208806 81.4298978644382


6122 104248 81.5672306322351
7239 103149 81.5672306322351


15508 104248 81.5672306322351
16625 103149 81.5672306322351


103149 16625 81.5672306322351
104248 15508 81.5672306322351


103149 7239 81.5672306322351
104248 6122 81.5672306322351


490339 285785 81.6
490712 285412 81.6


285412 490712 81.6
285785 490339 81.6


490328 385971 82.1243523316062
490712 385587 82.1243523316062


385587 490712 82.1243523316062
385971 490328 82.1243523316062


778460 822897 82.1969696969697
779227 822180 82.1969696969697


822180 779227 82.1969696969697
822897 778460 82.1969696969697


490312 102717 82.3383084577114
490712 102317 82.3383084577114


102317 490712 82.3383084577114
102717 490312 82.3383084577114


490313 255011 82.5436408977556
490712 254612 82.5436408977556


254612 490712 82.5436408977556
255011 490313 82.5436408977556


490312 304883 82.5870646766169
490712 304483 82.5870646766169


304483 490712 82.5870646766169
304883 490312 82.5870646766169


67744 101606 83.2446808510638
68103 101231 83.2446808510638


101231 68103 83.2446808510638
101606 67744 83.2446808510638


482432 490727 83.3746898263027
482831 490328 83.3746898263027


490328 482831 83.3746898263027
490727 482432 83.3746898263027


152506 747667 83.8028169014084
153070 747127 83.8028169014084


747127 153070 83.8028169014084
747667 152506 83.8028169014084


58218 263592 84.1432225063939
58596 263202 84.1432225063939


263202 58596 84.1432225063939
263592 58218 84.1432225063939


314114 57701 84.1688654353562
314491 57332 84.1688654353562


81036 57701 84.1688654353562
81413 57332 84.1688654353562


111786 57701 84.1688654353562
112163 57332 84.1688654353562


57332 81413 84.2105263157895
57701 81036 84.2105263157895


57332 112163 84.2105263157895
57701 111786 84.2105263157895


57332 314491 84.2105263157895
57701 314114 84.2105263157895


18734 445776 84.6715328467153
19274 445240 84.6715328467153


445240 19274 84.6715328467153
445776 18734 84.6715328467153


195399 771255 84.7826086956522
196315 770365 84.7826086956522


225994 748017 84.7826086956522
226910 747127 84.7826086956522


747127 226910 84.7826086956522
748017 225994 84.7826086956522


770365 196315 84.7826086956522
771255 195399 84.7826086956522


734489 421412 85.014409221902
736209 419687 85.014409221902


419687 736209 85.014409221902
421412 734489 85.014409221902


731931 445776 85.0694444444444
732213 445492 85.0694444444444


445492 732213 85.0694444444444
445776 731931 85.0694444444444


776732 822895 85.1288056206089
779227 820518 85.1288056206089


820518 779227 85.1288056206089
822895 776732 85.1288056206089


157210 423420 85.5491329479769
157382 423248 85.5491329479769


191087 420418 85.5491329479769
191259 420246 85.5491329479769


231050 423420 85.5491329479769
231222 423248 85.5491329479769


420246 191259 85.5491329479769
420418 191087 85.5491329479769


423248 231222 85.5491329479769
423420 231050 85.5491329479769


423248 157382 85.5491329479769
423420 157210 85.5491329479769


600336 612815 85.781990521327
600738 612394 85.781990521327


601356 613836 85.781990521327
601777 613434 85.781990521327


612394 600738 85.781990521327
612815 600336 85.781990521327


613434 601777 85.781990521327
613836 601356 85.781990521327


521110 758024 85.8880778588808
521515 757614 85.8880778588808


528400 760770 85.8880778588808
528805 760360 85.8880778588808


757614 521515 85.8880778588808
758024 521110 85.8880778588808


760360 528805 85.8880778588808
760770 528400 85.8880778588808


212429 421413 85.9229747675963
213178 420662 85.9229747675963


420662 213178 85.9229747675963
421413 212429 85.9229747675963


209127 423004 85.9416445623342
209876 422252 85.9416445623342


422252 209876 85.9416445623342
423004 209127 85.9416445623342


62826 258780 85.952380952381
63244 258364 85.952380952381


258364 63244 85.952380952381
258780 62826 85.952380952381


774631 825533 85.9797297297297
779227 821115 85.9797297297297


821115 779227 85.9797297297297
825533 774631 85.9797297297297


131389 386091 86.0586319218241
132917 384570 86.0586319218241


696757 386091 86.0586319218241
698285 384570 86.0586319218241


726595 386091 86.0586319218241
728123 384570 86.0586319218241


384570 132917 86.0677083333333
386091 131389 86.0677083333333


384570 728123 86.0677083333333
386091 726595 86.0677083333333


384570 698285 86.0677083333333
386091 696757 86.0677083333333


519367 762453 86.0724233983287
520078 761741 86.0724233983287


761741 520078 86.0724233983287
762453 519367 86.0724233983287


155189 426130 86.0730593607306
156056 425259 86.0730593607306


192413 418410 86.0730593607306
193280 417539 86.0730593607306


229029 426130 86.0730593607306
229896 425259 86.0730593607306


417539 193280 86.0730593607306
418410 192413 86.0730593607306


425259 229896 86.0730593607306
426130 229029 86.0730593607306


425259 156056 86.0730593607306
426130 155189 86.0730593607306


774631 819461 86.1321776814735
776373 817664 86.1321776814735


817664 776373 86.1321776814735
819461 774631 86.1321776814735


483880 15991 86.1855670103093
484363 15508 86.1855670103093


483880 6605 86.1855670103093
484363 6122 86.1855670103093


6122 484363 86.1855670103093
6605 483880 86.1855670103093


15508 484363 86.1855670103093
15991 483880 86.1855670103093


776153 822892 86.2090880203368
779227 819954 86.2090880203368


819954 779227 86.2090880203368
822892 776153 86.2090880203368


777880 822892 86.2371888726208
779227 821622 86.2371888726208


821622 779227 86.2371888726208
822892 777880 86.2371888726208


774631 823808 86.2955032119914
775486 822881 86.2955032119914


822881 775486 86.2955032119914
823808 774631 86.2955032119914


156888 208518 86.3057324840764
157200 208206 86.3057324840764


191269 214101 86.3057324840764
191581 213789 86.3057324840764


208206 231040 86.3057324840764
208518 230728 86.3057324840764


208206 157200 86.3057324840764
208518 156888 86.3057324840764


213789 191581 86.3057324840764
214101 191269 86.3057324840764


230728 208518 86.3057324840764
231040 208206 86.3057324840764


304337 132043 86.3207547169811
305804 130574 86.3207547169811


304337 697411 86.3207547169811
305804 695942 86.3207547169811


304337 727249 86.3207547169811
305804 725780 86.3207547169811


130574 305804 86.3207547169811
132043 304337 86.3207547169811


695942 305804 86.3207547169811
697411 304337 86.3207547169811


725780 305804 86.3207547169811
727249 304337 86.3207547169811


529837 756643 86.3509749303621
530548 755929 86.3509749303621


755929 530548 86.3509749303621
756643 529837 86.3509749303621


774631 822761 86.5618448637317
779227 818227 86.5618448637317


818227 779227 86.5618448637317
822761 774631 86.5618448637317


774631 818880 86.6720516962843
775776 817664 86.6720516962843


817664 775776 86.6720516962843
818880 774631 86.6720516962843


774631 820031 86.7707477403451
776937 817664 86.7707477403451


817664 776937 86.7707477403451
820031 774631 86.7707477403451


66474 62331 86.7724867724868
66659 62150 86.7724867724868


481375 132917 87.0689655172414
481706 132570 87.0689655172414


481375 698285 87.0689655172414
481706 697938 87.0689655172414


481375 728123 87.0689655172414
481706 727776 87.0689655172414


132570 481706 87.0689655172414
132917 481375 87.0689655172414


697938 481706 87.0689655172414
698285 481375 87.0689655172414


727776 481706 87.0689655172414
728123 481375 87.0689655172414


245655 429823 87.0967741935484
246084 429391 87.0967741935484


429391 246084 87.0967741935484
429823 245655 87.0967741935484


482327 132017 87.1527777777778
482614 131730 87.1527777777778


482327 697385 87.1527777777778
482614 697098 87.1527777777778


482327 727223 87.1527777777778
482614 726936 87.1527777777778


131730 482614 87.1527777777778
132017 482327 87.1527777777778


697098 482614 87.1527777777778
697385 482327 87.1527777777778


726936 482614 87.1527777777778
727223 482327 87.1527777777778


207354 737014 87.1720116618076
207696 736672 87.1720116618076


736672 207696 87.1720116618076
737014 207354 87.1720116618076


191266 736166 87.2047244094488
191773 735661 87.2047244094488


735661 191773 87.2047244094488
736166 191266 87.2047244094488


6128 256540 87.2651356993737
6605 256063 87.2651356993737


15514 256540 87.2651356993737
15991 256063 87.2651356993737


256063 15991 87.2651356993737
256540 15514 87.2651356993737


256063 6605 87.2651356993737
256540 6128 87.2651356993737


65709 386901 87.3048200950441
67176 385441 87.3048200950441


385441 67176 87.3048200950441
386901 65709 87.3048200950441


208003 736367 87.3320537428023
208522 735848 87.3320537428023


735848 208522 87.3320537428023
736367 208003 87.3320537428023


175914 463482 87.3684210526316
176654 462724 87.3684210526316


462724 176654 87.3684210526316
463482 175914 87.3684210526316


774631 821696 87.3719323326185
778664 817664 87.3719323326185


817664 778664 87.3719323326185
821696 774631 87.3719323326185


6128 306409 87.4739039665971
6605 305932 87.4739039665971


15514 306409 87.4739039665971
15991 305932 87.4739039665971


305932 15991 87.4739039665971
306409 15514 87.4739039665971


305932 6605 87.4739039665971
306409 6128 87.4739039665971


65709 103643 87.6097057305111
67621 101726 87.6097057305111


101726 67621 87.6097057305111
103643 65709 87.6097057305111


156693 420238 87.6470588235294
157201 419732 87.6470588235294


191268 423934 87.6470588235294
191776 423428 87.6470588235294


230533 420238 87.6470588235294
231041 419732 87.6470588235294


419732 231041 87.6470588235294
420238 230533 87.6470588235294


419732 157201 87.6470588235294
420238 156693 87.6470588235294


423428 191776 87.6470588235294
423934 191268 87.6470588235294


774631 824381 87.6892692560895
776058 822888 87.6892692560895


130574 255935 87.6943881000676
132043 254466 87.6943881000676


695942 255935 87.6943881000676
697411 254466 87.6943881000676


725780 255935 87.6943881000676
727249 254466 87.6943881000676


254466 132043 87.6943881000676
255935 130574 87.6943881000676


254466 727249 87.6943881000676
255935 725780 87.6943881000676


254466 697411 87.6943881000676
255935 695942 87.6943881000676


775568 822895 87.8592532903572
779227 819381 87.8592532903572


819381 779227 87.8592532903572
822895 775568 87.8592532903572


171815 429823 87.9684418145957
172807 428812 87.9684418145957


175662 414857 87.9684418145957
176654 413846 87.9684418145957


413846 176654 87.9684418145957
414857 175662 87.9684418145957


428812 172807 87.9684418145957
429823 171815 87.9684418145957


67734 384954 88.0434782608696
68361 384312 88.0434782608696


384312 68361 88.0434782608696
384954 67734 88.0434782608696


822888 776058 88.1926121372032
824381 774631 88.1926121372032


774631 824963 88.3184173339614
776653 822881 88.3184173339614


822881 776653 88.5539331135186
824963 774631 88.5539331135186


774631 818301 88.5670731707317
775269 817664 88.5670731707317


817664 775269 88.5670731707317
818301 774631 88.5670731707317


390332 386139 88.5869565217391
390515 385962 88.5869565217391


66672 285770 88.6454183266932
67669 284770 88.6454183266932


284770 67669 88.6454183266932
285770 66672 88.6454183266932


385962 390515 88.6486486486487
386139 390332 88.6486486486487


309434 386139 88.6486486486487
309616 385962 88.6486486486487


385962 309616 88.6486486486487
386139 309434 88.6486486486487


303398 132917 88.8888888888889
303729 132585 88.8888888888889


303398 698285 88.8888888888889
303729 697953 88.8888888888889


303398 728123 88.8888888888889
303729 727791 88.8888888888889


132585 303729 88.8888888888889
132917 303398 88.8888888888889


697953 303729 88.8888888888889
698285 303398 88.8888888888889


727791 303729 88.8888888888889
728123 303398 88.8888888888889


102717 487138 88.8888888888889
102848 487007 88.8888888888889


259311 386139 88.9502762430939
259490 385962 88.9502762430939


385962 259490 88.9502762430939
386139 259311 88.9502762430939


774631 820598 88.9705882352941
777510 817664 88.9705882352941


817664 777510 88.9705882352941
820598 774631 88.9705882352941


487007 102848 88.9705882352941
487138 102717 88.9705882352941


102717 309594 89.1304347826087
102848 309458 89.1304347826087


309458 102848 89.1304347826087
309594 102717 89.1304347826087


774918 825813 89.1558224891558
777798 822881 89.1558224891558


1756426 806053 89.1566265060241
1756587 805889 89.1566265060241


1771161 791001 89.1566265060241
1771322 790837 89.1566265060241


790837 1771322 89.1566265060241
791001 1771161 89.1566265060241


805889 1756587 89.1566265060241
806053 1756426 89.1566265060241


774631 821195 89.2187062447494
778055 817694 89.2187062447494


817694 778055 89.3307196863624
821195 774631 89.3307196863624


822881 777798 89.3787575150301
825813 774918 89.3787575150301


521589 809481 89.4067796610169
521823 809246 89.4067796610169


528092 787644 89.4067796610169
528326 787409 89.4067796610169


787409 528326 89.4067796610169
787644 528092 89.4067796610169


809246 521823 89.4067796610169
809481 521589 89.4067796610169


775070 822892 89.484927605032
779197 818836 89.484927605032


818836 779197 89.5798718253026
822892 775070 89.5798718253026


737458 418410 89.6168108776267
738266 417602 89.6168108776267


417602 738266 89.6168108776267
418410 737458 89.6168108776267


487007 305016 89.7058823529412
487138 304883 89.7058823529412


304883 487138 89.7058823529412
305016 487007 89.7058823529412


694714 104863 89.8305084745763
697411 102171 89.8305084745763


102171 697411 89.8305084745763
104863 694714 89.8305084745763


154603 738904 89.9197592778335
156587 736925 89.9197592778335


228443 738904 89.9197592778335
230427 736925 89.9197592778335


736925 230427 89.9197592778335
738904 228443 89.9197592778335


736925 156587 89.9197592778335
738904 154603 89.9197592778335


129345 104863 89.9410464259396
132043 102171 89.9410464259396


724551 104863 89.9410464259396
727249 102171 89.9410464259396


102171 132043 89.9410464259396
104863 129345 89.9410464259396


102171 727249 89.9410464259396
104863 724551 89.9410464259396


481031 68480 90.0376411543287
484956 64513 90.0376411543287


486422 692976 90.1078663509603
490214 689220 90.1078663509603


689220 490214 90.1078663509603
692976 486422 90.1078663509603


157210 735650 90.2298850574713
157382 735478 90.2298850574713


231050 735650 90.2298850574713
231222 735478 90.2298850574713


735478 157382 90.2298850574713
735650 157210 90.2298850574713


735478 231222 90.2298850574713
735650 231050 90.2298850574713


689192 393581 90.2720283855707
692522 390210 90.2720283855707


390210 692522 90.2720283855707
393581 689192 90.2720283855707


778309 825811 90.3083700440529
779195 824921 90.3083700440529


824921 779195 90.3083700440529
825811 778309 90.3083700440529


102717 259468 90.3703703703704
102848 259335 90.3703703703704


259335 102848 90.3703703703704
259468 102717 90.3703703703704


70512 281902 90.3880463871543
74967 277456 90.3880463871543


70512 251102 90.3880463871543
74967 246656 90.3880463871543


246656 74967 90.3880463871543
251102 70512 90.3880463871543


277456 74967 90.3880463871543
281902 70512 90.3880463871543


126883 131498 90.4109589041096
127028 131353 90.4109589041096


131353 127028 90.4109589041096
131498 126883 90.4109589041096


696721 127028 90.4109589041096
696866 126883 90.4109589041096


722089 131498 90.4109589041096
722234 131353 90.4109589041096


726559 127028 90.4109589041096
726704 126883 90.4109589041096


696721 722234 90.4109589041096
696866 722089 90.4109589041096


722089 696866 90.4109589041096
722234 696721 90.4109589041096


722089 726704 90.4109589041096
722234 726559 90.4109589041096


726559 722234 90.4109589041096
726704 722089 90.4109589041096


126883 696866 90.4109589041096
127028 696721 90.4109589041096


126883 726704 90.4109589041096
127028 726559 90.4109589041096


131353 722234 90.4109589041096
131498 722089 90.4109589041096


61775 17409 90.4605263157895
62077 17107 90.4605263157895


17107 62077 90.4605263157895
17409 61775 90.4605263157895


486983 386139 90.5555555555556
487160 385962 90.5555555555556


385962 487160 90.5555555555556
386139 486983 90.5555555555556


777725 825813 90.5844155844156
779227 824301 90.5844155844156


824301 779227 90.5844155844156
825813 777725 90.5844155844156


523582 448820 90.6015037593985
524633 447768 90.6015037593985


525282 444785 90.6015037593985
526333 443733 90.6015037593985


443733 526333 90.6015037593985
444785 525282 90.6015037593985


447768 524633 90.6015037593985
448820 523582 90.6015037593985


774631 825533 90.6701708278581
775364 824782 90.6701708278581


255011 390497 90.6779661016949
255123 390381 90.6779661016949


390381 255123 90.6779661016949
390497 255011 90.6779661016949


64513 484956 90.905941451585
70232 479298 90.905941451585


208160 423979 90.9090909090909
208522 423618 90.9090909090909


213785 420048 90.9090909090909
214147 419687 90.9090909090909


774631 824963 90.9090909090909
775364 824206 90.9090909090909


777155 825811 90.9090909090909
779227 823728 90.9090909090909


823728 779227 90.9090909090909
825811 777155 90.9090909090909


419687 214147 90.9090909090909
420048 213785 90.9090909090909


423618 208522 90.9090909090909
423979 208160 90.9090909090909


64508 307013 90.9467644246095
67621 303892 90.9467644246095


303892 67621 90.9467644246095
307013 64508 90.9467644246095


486422 127603 91.0526315789474
490214 123835 91.0526315789474


486422 722809 91.0526315789474
490214 719041 91.0526315789474


123835 490214 91.0526315789474
127603 486422 91.0526315789474


719041 490214 91.0526315789474
722809 486422 91.0526315789474


563616 174440 91.1057692307692
564029 174029 91.1057692307692


174029 564029 91.1057692307692
174440 563616 91.1057692307692


107111 386139 91.1111111111111
107288 385962 91.1111111111111


385962 107288 91.1111111111111
386139 107111 91.1111111111111


487032 255123 91.1504424778761
487142 255011 91.1504424778761


255011 487142 91.1504424778761
255123 487032 91.1504424778761


483056 131273 91.1554921540656
483752 130574 91.1554921540656


483056 696641 91.1554921540656
483752 695942 91.1554921540656


483056 726479 91.1554921540656
483752 725780 91.1554921540656


130574 483752 91.1554921540656
131273 483056 91.1554921540656


695942 483752 91.1554921540656
696641 483056 91.1554921540656


725780 483752 91.1554921540656
726479 483056 91.1554921540656


304883 259468 91.1764705882353
305016 259335 91.1764705882353


259335 305016 91.1764705882353
259468 304883 91.1764705882353


64506 257146 91.1939830774052
67669 253970 91.1939830774052


253970 67669 91.1939830774052
257146 64506 91.1939830774052


107157 255123 91.2280701754386
107270 255011 91.2280701754386


255011 107270 91.2280701754386
255123 107157 91.2280701754386


59142 393528 91.2296841459675
62391 390272 91.2296841459675


390272 62391 91.2296841459675
393528 59142 91.2296841459675


433394 439285 91.2776412776413
434205 438474 91.2776412776413


438474 434205 91.2776412776413
439285 433394 91.2776412776413


453263 459154 91.2776412776413
454074 458343 91.2776412776413


458343 454074 91.2776412776413
459154 453263 91.2776412776413


4571 7652 91.304347826087
4754 7472 91.304347826087


4571 17038 91.304347826087
4754 16858 91.304347826087


7472 14140 91.304347826087
7652 13957 91.304347826087


7472 4754 91.304347826087
7652 4571 91.304347826087


13957 17038 91.304347826087
14140 16858 91.304347826087


13957 7652 91.304347826087
14140 7472 91.304347826087


16858 14140 91.304347826087
17038 13957 91.304347826087


16858 4754 91.304347826087
17038 4571 91.304347826087


486422 62892 91.3428943937418
490249 59089 91.3428943937418


59089 490249 91.3428943937418
62892 486422 91.3428943937418


776582 825811 91.3493530499076
779227 823161 91.3493530499076


823161 779227 91.3493530499076
825811 776582 91.3493530499076


123807 393581 91.3532721350311
127149 390210 91.3532721350311


719013 393581 91.3532721350311
722355 390210 91.3532721350311


390210 127149 91.3532721350311
393581 123807 91.3532721350311


390210 722355 91.3532721350311
393581 719013 91.3532721350311


492564 122334 91.3621262458472
493765 121131 91.3621262458472


121131 493765 91.3621262458472
122334 492564 91.3621262458472


790646 804856 91.3934426229508
790886 804615 91.3934426229508


792033 806244 91.3934426229508
792274 806004 91.3934426229508


804615 790886 91.3934426229508
804856 790646 91.3934426229508


806004 792274 91.3934426229508
806244 792033 91.3934426229508


17107 126788 91.4473684210526
17409 126486 91.4473684210526


17107 692163 91.4473684210526
17409 691861 91.4473684210526


17107 721994 91.4473684210526
17409 721692 91.4473684210526


126486 17409 91.4473684210526
126788 17107 91.4473684210526


691861 17409 91.4473684210526
692163 17107 91.4473684210526


721692 17409 91.4473684210526
721994 17107 91.4473684210526


61387 8411 91.4739884393064
62077 7721 91.4739884393064


7721 62077 91.4739884393064
8411 61387 91.4739884393064


64506 388106 91.4990859232175
65599 387014 91.4990859232175


387014 65599 91.4990859232175
388106 64506 91.4990859232175


68395 283964 91.5630070308275
70237 282173 91.5630070308275


68395 253164 91.5630070308275
70237 251373 91.5630070308275


778884 825811 91.5730337078652
779227 825456 91.5730337078652


825456 779227 91.5730337078652
825811 778884 91.5730337078652


775415 825811 91.5997322623829
778373 822888 91.5997322623829


822888 778373 91.5997322623829
825811 775415 91.5997322623829


251373 70237 91.6566866267465
253874 67778 91.6566866267465


282173 70237 91.6566866267465
284674 67778 91.6566866267465


58389 80262 91.7307692307692
61503 77189 91.7307692307692


77189 61503 91.7307692307692
80262 58389 91.7307692307692


775994 825811 91.8829008649368
778955 822881 91.8829008649368


822881 778955 91.8829008649368
825811 775994 91.8829008649368


46736 275101 92.0101830999706
56936 264917 92.0101830999706


264917 56936 92.0101830999706
275101 46736 92.0101830999706


133657 283595 92.0844752539094
139831 277430 92.0844752539094


133657 252795 92.0844752539094
139831 246630 92.0844752539094


699025 283595 92.0844752539094
705199 277430 92.0844752539094


699025 252795 92.0844752539094
705199 246630 92.0844752539094


246630 139831 92.0844752539094
252795 133657 92.0844752539094


277430 139831 92.0844752539094
283595 133657 92.0844752539094


246630 705199 92.0844752539094
252795 699025 92.0844752539094


277430 705199 92.0844752539094
283595 699025 92.0844752539094


64506 104848 92.1389396709324
65599 103756 92.1389396709324


103756 65599 92.1389396709324
104848 64506 92.1389396709324


58389 111012 92.209026128266
62589 106853 92.209026128266


106853 62589 92.209026128266
111012 58389 92.209026128266


67778 284674 92.2242314647378
68324 284122 92.2242314647378


67778 253874 92.2242314647378
68324 253322 92.2242314647378


694567 388268 92.3631123919308
696641 386194 92.3631123919308


386194 696641 92.3631123919308
388268 694567 92.3631123919308


58389 313340 92.5036746692798
62460 309307 92.5036746692798


309307 62460 92.5036746692798
313340 58389 92.5036746692798


129198 388268 92.507204610951
131273 386194 92.507204610951


724404 388268 92.507204610951
726479 386194 92.507204610951


386194 131273 92.507204610951
388268 129198 92.507204610951


386194 726479 92.507204610951
388268 724404 92.507204610951


492602 687684 92.5093632958801
493935 686351 92.5093632958801


686351 493935 92.5093632958801
687684 492602 92.5093632958801


7721 126788 92.6300578034682
8411 126098 92.6300578034682


7721 692163 92.6300578034682
8411 691473 92.6300578034682


7721 721994 92.6300578034682
8411 721304 92.6300578034682


126098 8411 92.6300578034682
126788 7721 92.6300578034682


691473 8411 92.6300578034682
692163 7721 92.6300578034682


721304 8411 92.6300578034682
721994 7721 92.6300578034682


482818 107292 92.6470588235294
482950 107157 92.6470588235294


107157 482950 92.6470588235294
107292 482818 92.6470588235294


482818 309620 92.7007299270073
482950 309484 92.7007299270073


309484 482950 92.7007299270073
309620 482818 92.7007299270073


492710 578967 92.8922616502779
502053 569636 92.8922616502779


569636 502053 92.8922616502779
578967 492710 92.8922616502779


689222 110322 92.9945449325294
692673 106853 92.9945449325294


106853 692673 92.9945449325294
110322 689222 92.9945449325294


463482 577898 92.9993964996982
471754 569636 92.9993964996982


569636 471754 92.9993964996982
577898 463482 92.9993964996982


309484 255123 93.0434782608696
309598 255011 93.0434782608696


255011 309598 93.0434782608696
255123 309484 93.0434782608696


689222 79572 93.0572982015893
691589 77189 93.0572982015893


77189 691589 93.0572982015893
79572 689222 93.0572982015893


774631 823238 93.0747922437673
774991 822881 93.0747922437673


48357 121131 93.1596478705686
56753 112753 93.1596478705686


112753 56753 93.1596478705686
121131 48357 93.1596478705686


121131 83194 93.21608040201
122324 82004 93.21608040201


121131 113944 93.21608040201
122324 112754 93.21608040201


82004 122324 93.21608040201
83194 121131 93.21608040201


112754 122324 93.21608040201
113944 121131 93.21608040201


315082 122324 93.21608040201
316272 121131 93.21608040201


121131 316272 93.21608040201
122324 315082 93.21608040201


143775 121131 93.2491963328968
152162 112754 93.2491963328968


709143 121131 93.2491963328968
717530 112754 93.2491963328968


112754 152162 93.2491963328968
121131 143775 93.2491963328968


112754 717530 93.2491963328968
121131 709143 93.2491963328968


694642 257233 93.3050847457627
695820 256054 93.3050847457627


256054 695820 93.3050847457627
257233 694642 93.3050847457627


67787 303729 93.3306386418755
70237 301261 93.3306386418755


301261 70237 93.3306386418755
303729 67787 93.3306386418755


107135 305016 93.3333333333333
107266 304883 93.3333333333333


304883 107266 93.3333333333333
305016 107135 93.3333333333333


309320 692531 93.4750074827896
312650 689222 93.4750074827896


689222 312650 93.4750074827896
692531 309320 93.4750074827896


167005 179117 93.5012185215272
168219 177888 93.5012185215272


169352 181464 93.5012185215272
170581 180250 93.5012185215272


177888 242059 93.5012185215272
179117 240845 93.5012185215272


177888 168219 93.5012185215272
179117 167005 93.5012185215272


180250 244421 93.5012185215272
181464 243192 93.5012185215272


180250 170581 93.5012185215272
181464 169352 93.5012185215272


240845 179117 93.5012185215272
242059 177888 93.5012185215272


243192 181464 93.5012185215272
244421 180250 93.5012185215272


129273 257233 93.5593220338983
130452 256054 93.5593220338983


724479 257233 93.5593220338983
725658 256054 93.5593220338983


256054 130452 93.5593220338983
257233 129273 93.5593220338983


256054 725658 93.5593220338983
257233 724479 93.5593220338983


46736 294194 93.6462778568042
55162 285785 93.6462778568042


285785 55162 93.6462778568042
294194 46736 93.6462778568042


822892 774980 93.7142857142857
823238 774631 93.7142857142857


305923 695820 93.7925170068027
307098 694646 93.7925170068027


694646 307098 93.7925170068027
695820 305923 93.7925170068027


46736 404991 93.9007374925254
56761 394986 93.9007374925254


394986 56761 93.9007374925254
404991 46736 93.9007374925254


483871 695820 93.9226519337017
484956 694736 93.9226519337017


694736 484956 93.9226519337017
695820 483871 93.9226519337017


46736 92001 93.9263987234467
56753 82003 93.9263987234467


46736 325079 93.9263987234467
56753 315081 93.9263987234467


315081 56753 93.9263987234467
325079 46736 93.9263987234467


82003 56753 93.9263987234467
92001 46736 93.9263987234467


315082 152162 94.0336134453782
325767 141464 94.0336134453782


315082 717530 94.0336134453782
325767 706832 94.0336134453782


141464 325767 94.0336134453782
152162 315082 94.0336134453782


706832 325767 94.0336134453782
717530 315082 94.0336134453782


305923 130452 94.0476190476191
307098 129277 94.0476190476191


305923 725658 94.0476190476191
307098 724483 94.0476190476191


129277 307098 94.0476190476191
130452 305923 94.0476190476191


724483 307098 94.0476190476191
725658 305923 94.0476190476191


482818 259494 94.0740740740741
482950 259360 94.0740740740741


259360 482950 94.0740740740741
259494 482818 94.0740740740741


123837 110322 94.0787582638689
127300 106853 94.0787582638689


719043 110322 94.0787582638689
722506 106853 94.0787582638689


106853 127300 94.0787582638689
110322 123837 94.0787582638689


106853 722506 94.0787582638689
110322 719043 94.0787582638689


68818 100490 94.1052631578947
70237 99068 94.1052631578947


99068 70237 94.1052631578947
100490 68818 94.1052631578947


253079 68480 94.1860465116279
253164 68395 94.1860465116279


283879 68480 94.1860465116279
283964 68395 94.1860465116279


140689 276565 94.1898954703833
152155 265106 94.1898954703833


706057 276565 94.1898954703833
717523 265106 94.1898954703833


265106 152155 94.1898954703833
276565 140689 94.1898954703833


265106 717523 94.1898954703833
276565 706057 94.1898954703833


483871 130452 94.1988950276243
484956 129367 94.1988950276243


483871 725658 94.1988950276243
484956 724573 94.1988950276243


129367 484956 94.1988950276243
130452 483871 94.1988950276243


724573 484956 94.1988950276243
725658 483871 94.1988950276243


686350 83365 94.2365269461078
687684 82032 94.2365269461078


686350 114115 94.2365269461078
687684 112782 94.2365269461078


82032 687684 94.2365269461078
83365 686350 94.2365269461078


112782 687684 94.2365269461078
114115 686350 94.2365269461078


315110 687684 94.2365269461078
316443 686350 94.2365269461078


686350 316443 94.2365269461078
687684 315110 94.2365269461078


75931 276556 94.2811755361398
77189 275299 94.2811755361398


275299 77189 94.2811755361398
276556 75931 94.2811755361398


123837 79572 94.3443653121072
126214 77189 94.3443653121072


719043 79572 94.3443653121072
721420 77189 94.3443653121072


77189 126214 94.3443653121072
79572 123837 94.3443653121072


77189 721420 94.3443653121072
79572 719043 94.3443653121072


309320 127158 94.5443645083933
312650 123837 94.5443645083933


309320 722364 94.5443645083933
312650 719043 94.5443645083933


123837 312650 94.5443645083933
127158 309320 94.5443645083933


719043 312650 94.5443645083933
722364 309320 94.5443645083933


46736 374768 94.6236559139785
51291 370220 94.6236559139785


370220 51291 94.6236559139785
374768 46736 94.6236559139785


136017 411116 94.7699907378821
152200 394957 94.7699907378821


701385 411116 94.7699907378821
717568 394957 94.7699907378821


394957 152200 94.7699907378821
411116 136017 94.7699907378821


394957 717568 94.7699907378821
411116 701385 94.7699907378821


121131 396184 94.8863636363636
122362 394957 94.8863636363636


394957 122362 94.8863636363636
396184 121131 94.8863636363636


59142 262503 94.9909474954737
62448 259194 94.9909474954737


259194 62448 94.9909474954737
262503 59142 94.9909474954737


472481 77189 95.2112676056338
474609 75081 95.2112676056338


75081 474609 95.2112676056338
77189 472481 95.2112676056338


374966 77189 95.3797846889952
381570 70506 95.3797846889952


74971 407405 95.4033348355115
77189 405189 95.4033348355115


74971 377182 95.4033348355115
77189 374966 95.4033348355115


405189 77189 95.4915987356513
411116 71180 95.4915987356513


692258 131498 95.4954954954955
692368 131388 95.4954954954955


692258 696866 95.4954954954955
692368 696756 95.4954954954955


692258 726704 95.4954954954955
692368 726594 95.4954954954955


696756 692368 95.4954954954955
696866 692258 95.4954954954955


726594 692368 95.4954954954955
726704 692258 95.4954954954955


131388 692368 95.4954954954955
131498 692258 95.4954954954955


132404 101741 95.5055611729019
152162 82004 95.5055611729019


697772 101741 95.5055611729019
717530 82004 95.5055611729019


82004 152162 95.5055611729019
101741 132404 95.5055611729019


82004 717530 95.5055611729019
101741 697772 95.5055611729019


479298 70232 95.5810147299509
481129 68436 95.5810147299509


304883 309594 95.6204379562044
305016 309458 95.6204379562044


309458 305016 95.6204379562044
309594 304883 95.6204379562044


482818 390519 95.6521739130435
482930 390405 95.6521739130435


390405 482930 95.6521739130435
390519 482818 95.6521739130435


133664 383247 95.7988347132781
146706 370220 95.7988347132781


699032 383247 95.7988347132781
712074 370220 95.7988347132781


370220 146706 95.7988347132781
383247 133664 95.7988347132781


370220 712074 95.7988347132781
383247 699032 95.7988347132781


285785 150571 95.8062610750148
302683 133657 95.8062610750148


285785 715939 95.8062610750148
302683 699025 95.8062610750148


133657 302683 95.8062610750148
150571 285785 95.8062610750148


699025 302683 95.8062610750148
715939 285785 95.8062610750148


381832 70237 95.9097320169252
383247 68825 95.9097320169252


68825 383247 95.9126145172657
70237 381832 95.9126145172657


728863 252795 95.9411764705882
730558 251097 95.9411764705882


728863 283595 95.9411764705882
730558 281897 95.9411764705882


251097 730558 95.9411764705882
252795 728863 95.9411764705882


281897 730558 95.9411764705882
283595 728863 95.9411764705882


826062 826161 96
826161 826062 96


727610 101741 96.0446247464503
730558 98792 96.0446247464503


98792 730558 96.0446247464503
101741 727610 96.0446247464503


474627 74905 96.0481489893255
479028 70506 96.0481489893255


70506 479028 96.0481489893255
74905 474627 96.0481489893255


156592 736264 96.078431372549
156693 736163 96.078431372549


230432 736264 96.078431372549
230533 736163 96.078431372549


736163 230533 96.078431372549
736264 230432 96.078431372549


736163 156693 96.078431372549
736264 156592 96.078431372549


492564 152172 96.1476001443522
503640 141094 96.1476001443522


492564 717540 96.1476001443522
503640 706462 96.1476001443522


141094 503640 96.1476001443522
152172 492564 96.1476001443522


706462 503640 96.1476001443522
717540 492564 96.1476001443522


686351 266462 96.1826347305389
687684 265128 96.1826347305389


265128 687684 96.1826347305389
266462 686351 96.1826347305389


121131 266292 96.215306980656
122317 265106 96.215306980656


265106 122317 96.215306980656
266292 121131 96.215306980656


463482 150953 96.2601719859179
480714 133657 96.2601719859179


463482 716321 96.2601719859179
480714 699025 96.2601719859179


133657 480714 96.2601719859179
150953 463482 96.2601719859179


699025 480714 96.2601719859179
716321 463482 96.2601719859179


686351 396354 96.3295880149813
687684 395023 96.3295880149813


395023 687684 96.3295880149813
396354 686351 96.3295880149813


795579 799421 96.3302752293578
796012 798987 96.3302752293578


797468 801310 96.3302752293578
797902 800877 96.3302752293578


798987 796012 96.3302752293578
799421 795579 96.3302752293578


800877 797902 96.3302752293578
801310 797468 96.3302752293578


294392 77189 96.348398683029
300990 70512 96.348398683029


92199 77189 96.348398683029
98797 70512 96.348398683029


18305 795024 96.5465465465465
18966 794359 96.5465465465465


794359 18966 96.5465465465465
795024 18305 96.5465465465465


689194 262553 96.5537730243612
692532 259194 96.5537730243612


259194 692532 96.5537730243612
262553 689194 96.5537730243612


62538 390141 96.6292134831461
62626 390053 96.6292134831461


390053 62626 96.6292134831461
390141 62538 96.6292134831461


463482 686505 96.7741935483871
463636 686351 96.7741935483871


686351 463636 96.7741935483871
686505 463482 96.7741935483871


70506 381570 96.8197088465845
74965 377117 96.8197088465845


731499 795024 96.8468468468468
732163 794359 96.8468468468468


794359 732163 96.8468468468468
795024 731499 96.8468468468468


492391 56936 97.0219435736677
502582 46736 97.0219435736677


46736 502582 97.0219435736677
56936 492391 97.0219435736677


70512 98797 97.0396949988787
74965 94350 97.0396949988787


70512 300990 97.0396949988787
74965 296543 97.0396949988787


479017 730558 97.0588235294118
480714 728863 97.0588235294118


728863 480714 97.0588235294118
730558 479017 97.0588235294118


71180 411116 97.2544878563886
74965 407340 97.2544878563886


569636 274572 97.279640141373
578967 265237 97.279640141373


265237 578967 97.279640141373
274572 569636 97.279640141373


255011 259472 97.3451327433628
255123 259360 97.3451327433628


259360 255123 97.3451327433628
259472 255011 97.3451327433628


463482 55544 97.6403857061826
472283 46736 97.6403857061826


46736 472283 97.6403857061826
55544 463482 97.6403857061826


162980 804377 97.7260422306443
164791 802531 97.7260422306443


183678 794358 97.7260422306443
185489 792512 97.7260422306443


236820 804377 97.7260422306443
238631 802531 97.7260422306443


792512 185489 97.7260422306443
794358 183678 97.7260422306443


802531 238631 97.7260422306443
804377 236820 97.7260422306443


802531 164791 97.7260422306443
804377 162980 97.7260422306443


21573 22074 97.7611940298508
21706 21943 97.7611940298508


21943 21706 97.7611940298508
22074 21573 97.7611940298508


76698 325767 97.7642276422764
77189 325277 97.7642276422764


325277 77189 97.7642276422764
325767 76698 97.7642276422764


123809 262553 97.7685212734305
127159 259194 97.7685212734305


719015 262553 97.7685212734305
722365 259194 97.7685212734305


259194 127159 97.7685212734305
262553 123809 97.7685212734305


259194 722365 97.7685212734305
262553 719015 97.7685212734305


74979 94408 97.9194934418815
77189 92199 97.9194934418815


74979 296601 97.9194934418815
77189 294392 97.9194934418815


203250 205615 98.1751824817518
203797 205068 98.1751824817518


205068 203797 98.1751824817518
205615 203250 98.1751824817518


216694 219059 98.1751824817518
217241 218512 98.1751824817518


218512 217241 98.1751824817518
219059 216694 98.1751824817518


570727 121131 98.1802741720248
578967 112889 98.1802741720248


112889 578967 98.1802741720248
121131 570727 98.1802741720248


569636 91472 98.3715448896507
578967 82139 98.3715448896507


82139 578967 98.3715448896507
91472 569636 98.3715448896507


315217 578967 98.3715448896507
324550 569636 98.3715448896507


569636 324550 98.3715448896507
578967 315217 98.3715448896507


68549 384070 98.4423676012461
68869 383750 98.4423676012461


383750 68869 98.4423676012461
384070 68549 98.4423676012461


158838 789714 98.5340314136126
159791 788760 98.5340314136126


188678 808130 98.5340314136126
189631 807176 98.5340314136126


232678 789714 98.5340314136126
233631 788760 98.5340314136126


788760 159791 98.5340314136126
789714 158838 98.5340314136126


788760 233631 98.5340314136126
789714 232678 98.5340314136126


807176 189631 98.5340314136126
808130 188678 98.5340314136126


548836 569636 98.5352862849534
549585 568886 98.5352862849534


568886 549585 98.5352862849534
569636 548836 98.5352862849534


502780 77189 98.6078886310905
503640 76328 98.6078886310905


76328 503640 98.6078886310905
77189 502780 98.6078886310905


300985 730558 98.6462625073573
302683 728863 98.6462625073573


