#-- forward hits sorted by %sim
0 0 0
0 0 0


224773 769118 78.9173789173789
225470 769815 78.9173789173789


748567 196839 78.9173789173789
749264 197536 78.9173789173789


769118 224773 78.9173789173789
769815 225470 78.9173789173789


196839 748567 78.9473684210526
197536 749264 78.9473684210526


9045 261268 79.967689822294
9660 261884 79.967689822294


261268 9045 79.967689822294
261884 9660 79.967689822294


106826 308996 80.5309734513274
107040 309219 80.5309734513274


212430 734489 81.4298978644382
213499 735561 81.4298978644382


734489 212430 81.4298978644382
735561 213499 81.4298978644382


6122 695329 81.7765567765568
7211 696399 81.7765567765568


15508 695329 81.7765567765568
16597 696399 81.7765567765568


695329 15508 81.7765567765568
696399 16597 81.7765567765568


695329 6122 81.7765567765568
696399 7211 81.7765567765568


6122 129960 82.051282051282
7211 131031 82.051282051282


15508 129960 82.051282051282
16597 131031 82.051282051282


6122 725166 82.051282051282
7211 726237 82.051282051282


15508 725166 82.051282051282
16597 726237 82.051282051282


129960 6122 82.051282051282
131031 7211 82.051282051282


129960 15508 82.051282051282
131031 16597 82.051282051282


725166 15508 82.051282051282
726237 16597 82.051282051282


725166 6122 82.051282051282
726237 7211 82.051282051282


817664 822180 82.1969696969697
818431 822897 82.1969696969697


822180 817664 82.1969696969697
822897 818431 82.1969696969697


328105 356068 82.4335904027421
329265 357228 82.4335904027421


328105 329570 82.4335904027421
329265 330730 82.4335904027421


329570 328105 82.4335904027421
330730 329265 82.4335904027421


329570 354603 82.4335904027421
330730 355763 82.4335904027421


354603 329570 82.4335904027421
355763 330730 82.4335904027421


354603 356068 82.4335904027421
355763 357228 82.4335904027421


356068 354603 82.4335904027421
357228 355763 82.4335904027421


356068 328105 82.4335904027421
357228 329265 82.4335904027421


152506 770715 83.8028169014084
153070 771255 83.8028169014084


770715 152506 83.8028169014084
771255 153070 83.8028169014084


105954 258210 83.9901477832512
106358 258613 83.9901477832512


258210 105954 83.9901477832512
258613 106358 83.9901477832512


80678 263799 84.0816326530612
81410 264518 84.0816326530612


111428 263799 84.0816326530612
112160 264518 84.0816326530612


313756 263799 84.0816326530612
314488 264518 84.0816326530612


263799 313756 84.0816326530612
264518 314488 84.0816326530612


263799 111428 84.0816326530612
264518 112160 84.0816326530612


263799 80678 84.0816326530612
264518 81410 84.0816326530612


308589 384118 84.4559585492228
308781 384310 84.4559585492228


384118 308589 84.4559585492228
384310 308781 84.4559585492228


489298 19 84.5864661654135
489562 283 84.5864661654135


489298 9404 84.5864661654135
489562 9668 84.5864661654135


19 489298 84.5864661654135
283 489562 84.5864661654135


9404 489298 84.5864661654135
9668 489562 84.5864661654135


8295 77189 84.6153846153846
8411 77305 84.6153846153846


77189 8295 84.6153846153846
77305 8411 84.6153846153846


18734 446777 84.6715328467153
19274 447313 84.6715328467153


446777 18734 84.6715328467153
447313 19274 84.6715328467153


308518 384101 84.7619047619048
308727 384310 84.7619047619048


384101 308518 84.7619047619048
384310 308727 84.7619047619048


195399 747127 84.7826086956522
196315 748017 84.7826086956522


225994 770365 84.7826086956522
226910 771255 84.7826086956522


747127 195399 84.7826086956522
748017 196315 84.7826086956522


770365 225994 84.7826086956522
771255 226910 84.7826086956522


734489 422253 84.9654377880184
736209 423979 84.9654377880184


422253 734489 84.9654377880184
423979 736209 84.9654377880184


820833 822888 85.0050658561297
823522 825811 85.0050658561297


822888 820833 85.0050658561297
825811 823522 85.0050658561297


731931 446777 85.0694444444444
732213 447061 85.0694444444444


446777 731931 85.0694444444444
447061 732213 85.0694444444444


817664 820518 85.1288056206089
820159 822895 85.1288056206089


820518 817664 85.1288056206089
822895 820159 85.1288056206089


491135 262460 85.1449275362319
491676 263010 85.1449275362319


262460 491135 85.1449275362319
263010 491676 85.1449275362319


821405 822881 85.1581508515815
822895 824509 85.1581508515815


822881 821405 85.1581508515815
824509 822895 85.1581508515815


302632 383750 85.2719665271967
303738 384910 85.2719665271967


383750 302632 85.2719665271967
384910 303738 85.2719665271967


19 392652 85.3046594982079
295 392929 85.3046594982079


9404 392652 85.3046594982079
9680 392929 85.3046594982079


392652 19 85.3046594982079
392929 295 85.3046594982079


392652 9404 85.3046594982079
392929 9680 85.3046594982079


157210 420246 85.5491329479769
157382 420418 85.5491329479769


191087 423248 85.5491329479769
191259 423420 85.5491329479769


231050 420246 85.5491329479769
231222 420418 85.5491329479769


420246 231050 85.5491329479769
420418 231222 85.5491329479769


420246 157210 85.5491329479769
420418 157382 85.5491329479769


423248 191087 85.5491329479769
423420 191259 85.5491329479769


600336 601356 85.781990521327
600738 601777 85.781990521327


601356 600336 85.781990521327
601777 600738 85.781990521327


612394 613434 85.781990521327
612815 613836 85.781990521327


613434 612394 85.781990521327
613836 612815 85.781990521327


521110 760360 85.8880778588808
521515 760770 85.8880778588808


528400 757614 85.8880778588808
528805 758024 85.8880778588808


757614 528400 85.8880778588808
758024 528805 85.8880778588808


760360 521110 85.8880778588808
760770 521515 85.8880778588808


209127 420662 85.9229747675963
209876 421413 85.9229747675963


420662 209127 85.9229747675963
421413 209876 85.9229747675963


212429 422252 85.9416445623342
213178 423004 85.9416445623342


422252 212429 85.9416445623342
423004 213178 85.9416445623342


529837 761741 86.0724233983287
530548 762453 86.0724233983287


761741 529837 86.0724233983287
762453 530548 86.0724233983287


155189 417539 86.0730593607306
156056 418410 86.0730593607306


192413 425259 86.0730593607306
193280 426130 86.0730593607306


229029 417539 86.0730593607306
229896 418410 86.0730593607306


417539 155189 86.0730593607306
418410 156056 86.0730593607306


417539 229029 86.0730593607306
418410 229896 86.0730593607306


425259 192413 86.0730593607306
426130 193280 86.0730593607306


1697764 1697863 86.1198738170347
1698077 1698176 86.1198738170347


1697863 1697764 86.1198738170347
1698176 1698077 86.1198738170347


774631 777430 86.1321776814735
776373 779227 86.1321776814735


777430 774631 86.1321776814735
779227 776373 86.1321776814735


817664 819954 86.2090880203368
820738 822892 86.2090880203368


819954 817664 86.2090880203368
822892 820738 86.2090880203368


817664 821622 86.2371888726208
819011 822892 86.2371888726208


821622 817664 86.2371888726208
822892 819011 86.2371888726208


156888 213789 86.3057324840764
157200 214101 86.3057324840764


191269 208206 86.3057324840764
191581 208518 86.3057324840764


208206 191269 86.3057324840764
208518 191581 86.3057324840764


213789 156888 86.3057324840764
214101 157200 86.3057324840764


213789 230728 86.3057324840764
214101 231040 86.3057324840764


230728 213789 86.3057324840764
231040 214101 86.3057324840764


519367 755929 86.3509749303621
520078 756643 86.3509749303621


755929 519367 86.3509749303621
756643 520078 86.3509749303621


817664 821115 86.4379736737136
822535 825811 86.4379736737136


821115 817664 86.4379736737136
825811 822535 86.4379736737136


481375 101231 86.6666666666667
481688 101560 86.6666666666667


101231 481375 86.6666666666667
101560 481688 86.6666666666667


774631 778011 86.6720516962843
775776 779227 86.6720516962843


778011 774631 86.6720516962843
779227 775776 86.6720516962843


817664 818227 86.7101508357114
822390 822897 86.7101508357114


818227 817664 86.7101508357114
822897 822390 86.7101508357114


774631 776860 86.7707477403451
776937 779227 86.7707477403451


776860 774631 86.7707477403451
779227 776937 86.7707477403451


67744 132542 86.968085106383
68103 132917 86.968085106383


67744 697910 86.968085106383
68103 698285 86.968085106383


67744 727748 86.968085106383
68103 728123 86.968085106383


132542 67744 86.968085106383
132917 68103 86.968085106383


697910 67744 86.968085106383
698285 68103 86.968085106383


727748 67744 86.968085106383
728123 68103 86.968085106383


245655 413846 87.0967741935484
246084 414278 87.0967741935484


245655 462724 87.0967741935484
246084 463156 87.0967741935484


413846 245655 87.0967741935484
414278 246084 87.0967741935484


462724 245655 87.0967741935484
463156 246084 87.0967741935484


214611 736672 87.1720116618076
214953 737014 87.1720116618076


736672 214611 87.1720116618076
737014 214953 87.1720116618076


156696 735661 87.2047244094488
157203 736166 87.2047244094488


230536 735661 87.2047244094488
231043 736166 87.2047244094488


735661 156696 87.2047244094488
736166 157203 87.2047244094488


735661 230536 87.2047244094488
736166 231043 87.2047244094488


65112 6128 87.2651356993737
65590 6605 87.2651356993737


65112 15514 87.2651356993737
65590 15991 87.2651356993737


6128 65112 87.2651356993737
6605 65590 87.2651356993737


15514 65112 87.2651356993737
15991 65590 87.2651356993737


126865 385962 87.292817679558
127042 386139 87.292817679558


722071 385962 87.292817679558
722248 386139 87.292817679558


385962 126865 87.292817679558
386139 127042 87.292817679558


385962 722071 87.292817679558
386139 722248 87.292817679558


213785 735848 87.3320537428023
214304 736367 87.3320537428023


735848 213785 87.3320537428023
736367 214304 87.3320537428023


171815 462724 87.3684210526316
172555 463482 87.3684210526316


462724 171815 87.3684210526316
463482 172555 87.3684210526316


774631 775195 87.3719323326185
778664 779227 87.3719323326185


775195 774631 87.3719323326185
779227 778664 87.3719323326185


821911 822892 87.4528301886792
822892 823939 87.4528301886792


822892 821911 87.4528301886792
823939 822892 87.4528301886792


481123 384318 87.4581939799331
481704 384914 87.4581939799331


384318 481123 87.4581939799331
384914 481704 87.4581939799331


156693 423428 87.6470588235294
157201 423934 87.6470588235294


191268 419732 87.6470588235294
191776 420238 87.6470588235294


230533 423428 87.6470588235294
231041 423934 87.6470588235294


419732 191268 87.6470588235294
420238 191776 87.6470588235294


423428 230533 87.6470588235294
423934 231041 87.6470588235294


423428 156693 87.6470588235294
423934 157201 87.6470588235294


482301 385441 87.8048780487805
483761 386901 87.8048780487805


385441 482301 87.8048780487805
386901 483761 87.8048780487805


817664 819381 87.8592532903572
821323 822895 87.8592532903572


819381 817664 87.8592532903572
822895 821323 87.8592532903572


252744 383750 87.8813559322034
253874 384910 87.8813559322034


283544 383750 87.8813559322034
284674 384910 87.8813559322034


383750 283544 87.8813559322034
384910 284674 87.8813559322034


383750 252744 87.8813559322034
384910 253874 87.8813559322034


171815 413846 87.9684418145957
172807 414857 87.9684418145957


175662 428812 87.9684418145957
176654 429823 87.9684418145957


413846 171815 87.9684418145957
414857 172807 87.9684418145957


428812 175662 87.9684418145957
429823 176654 87.9684418145957


127595 127736 88.0952380952381
127719 127860 88.0952380952381


127736 127595 88.0952380952381
127860 127719 88.0952380952381


692968 127736 88.0952380952381
693092 127860 88.0952380952381


722801 127736 88.0952380952381
722925 127860 88.0952380952381


722942 127595 88.0952380952381
723066 127719 88.0952380952381


692968 722942 88.0952380952381
693092 723066 88.0952380952381


722801 722942 88.0952380952381
722925 723066 88.0952380952381


722942 722801 88.0952380952381
723066 722925 88.0952380952381


722942 692968 88.0952380952381
723066 693092 88.0952380952381


127595 722942 88.0952380952381
127719 723066 88.0952380952381


127736 722801 88.0952380952381
127860 722925 88.0952380952381


127736 692968 88.0952380952381
127860 693092 88.0952380952381


481850 101720 88.1981981981982
482950 102826 88.1981981981982


101720 481850 88.1981981981982
102826 482950 88.1981981981982


101231 384570 88.2978723404255
101606 384944 88.2978723404255


384570 101231 88.2978723404255
384944 101606 88.2978723404255


486983 66474 88.3597883597884
487164 66659 88.3597883597884


66474 486983 88.3597883597884
66659 487164 88.3597883597884


774631 778590 88.5670731707317
775269 779227 88.5670731707317


778590 774631 88.5670731707317
779227 775269 88.5670731707317


820238 822881 88.6914378029079
822603 825312 88.6914378029079


822881 820238 88.6914378029079
825312 822603 88.6914378029079


735960 738901 88.8475836431227
736497 739438 88.8475836431227


738901 735960 88.8475836431227
739438 736497 88.8475836431227


66474 309434 88.9473684210526
66659 309620 88.9473684210526


309434 66474 88.9473684210526
309620 66659 88.9473684210526


774631 776293 88.9705882352941
777510 779227 88.9705882352941


776293 774631 88.9705882352941
779227 777510 88.9705882352941


62176 304883 88.9705882352941
62307 305016 88.9705882352941


304883 62176 88.9705882352941
305016 62307 88.9705882352941


1756426 790837 89.1566265060241
1756587 791001 89.1566265060241


1771161 805889 89.1566265060241
1771322 806053 89.1566265060241


790837 1756426 89.1566265060241
791001 1756587 89.1566265060241


805889 1771161 89.1566265060241
806053 1771322 89.1566265060241


481123 253291 89.1797556719023
481688 253862 89.1797556719023


481123 284091 89.1797556719023
481688 284662 89.1797556719023


253291 481123 89.1797556719023
253862 481688 89.1797556719023


284091 481123 89.1797556719023
284662 481688 89.1797556719023


774631 775696 89.2187062447494
778055 779197 89.2187062447494


775696 774631 89.2187062447494
779197 778055 89.2187062447494


819093 822881 89.3787575150301
821973 825813 89.3787575150301


822881 819093 89.3787575150301
825813 821973 89.3787575150301


521589 787409 89.4067796610169
521823 787644 89.4067796610169


528092 809246 89.4067796610169
528326 809481 89.4067796610169


787409 521589 89.4067796610169
787644 521823 89.4067796610169


809246 528092 89.4067796610169
809481 528326 89.4067796610169


66474 259311 89.4179894179894
66659 259494 89.4179894179894


259311 66474 89.4179894179894
259494 66659 89.4179894179894


246630 407312 89.4489422825803
250432 411116 89.4489422825803


277430 407312 89.4489422825803
281232 411116 89.4489422825803


407312 277430 89.4489422825803
411116 281232 89.4489422825803


407312 246630 89.4489422825803
411116 250432 89.4489422825803


817694 818836 89.5798718253026
821821 822892 89.5798718253026


818836 817694 89.5798718253026
822892 821821 89.5798718253026


737458 425259 89.6168108776267
738266 426067 89.6168108776267


425259 737458 89.6168108776267
426067 738266 89.6168108776267


481085 303108 89.6683673469388
484954 307006 89.6683673469388


303108 481085 89.6683673469388
307006 484954 89.6683673469388


66474 107111 89.7849462365591
66659 107292 89.7849462365591


107111 66474 89.7849462365591
107292 66659 89.7849462365591


481814 284780 89.8
482810 285775 89.8


284780 481814 89.8
285775 482810 89.8


191882 736925 89.9197592778335
193866 738904 89.9197592778335


736925 191882 89.9197592778335
738904 193866 89.9197592778335


692240 385962 90.0763358778626
692367 386091 90.0763358778626


385962 692240 90.0763358778626
386091 692367 90.0763358778626


487811 77189 90.1550062840385
490190 79550 90.1550062840385


77189 487811 90.1550062840385
79550 490190 90.1550062840385


191087 735478 90.2298850574713
191259 735650 90.2298850574713


735478 191087 90.2298850574713
735650 191259 90.2298850574713


817696 824921 90.3083700440529
818582 825811 90.3083700440529


824921 817696 90.3083700440529
825811 818582 90.3083700440529


59118 689219 90.3998192907161
63402 693609 90.3998192907161


689219 59118 90.3998192907161
693609 63402 90.3998192907161


259061 390030 90.436005625879
262551 393576 90.436005625879


390030 259061 90.436005625879
393576 262551 90.436005625879


822582 823056 90.4458598726115
822892 823369 90.4458598726115


823056 822582 90.4458598726115
823369 822892 90.4458598726115


17107 259567 90.4605263157895
17409 259869 90.4605263157895


17107 309693 90.4605263157895
17409 309995 90.4605263157895


259567 17107 90.4605263157895
259869 17409 90.4605263157895


309693 17107 90.4605263157895
309995 17409 90.4605263157895


65718 130574 90.5367231638418
66420 131274 90.5367231638418


65718 725780 90.5367231638418
66420 726480 90.5367231638418


65718 695942 90.5367231638418
66420 696642 90.5367231638418


130574 65718 90.5367231638418
131274 66420 90.5367231638418


695942 65718 90.5367231638418
696642 66420 90.5367231638418


725780 65718 90.5367231638418
726480 66420 90.5367231638418


817664 824301 90.5844155844156
819166 825813 90.5844155844156


824301 817664 90.5844155844156
825813 819166 90.5844155844156


523582 443733 90.6015037593985
524633 444785 90.6015037593985


525282 447768 90.6015037593985
526333 448820 90.6015037593985


443733 523582 90.6015037593985
444785 524633 90.6015037593985


447768 525282 90.6015037593985
448820 526333 90.6015037593985


80057 263202 90.6103286384976
80265 263414 90.6103286384976


110807 263202 90.6103286384976
111015 263414 90.6103286384976


313135 263202 90.6103286384976
313343 263414 90.6103286384976


263202 313135 90.6103286384976
263414 313343 90.6103286384976


263202 80057 90.6103286384976
263414 80265 90.6103286384976


263202 110807 90.6103286384976
263414 111015 90.6103286384976


17107 390592 90.7894736842105
17409 390894 90.7894736842105


390592 17107 90.7894736842105
390894 17409 90.7894736842105


255238 386194 90.819209039548
255944 386901 90.819209039548


386194 255238 90.819209039548
386901 255944 90.819209039548


474627 246719 90.8225905463474
481116 253164 90.8225905463474


474627 277519 90.8225905463474
481116 283964 90.8225905463474


246719 474627 90.8225905463474
253164 481116 90.8225905463474


277519 474627 90.8225905463474
283964 481116 90.8225905463474


486866 259194 90.8549299970211
490214 262527 90.8549299970211


259194 486866 90.8549299970211
262527 490214 90.8549299970211


208160 419687 90.9090909090909
208522 420048 90.9090909090909


213785 423618 90.9090909090909
214147 423979 90.9090909090909


817664 823728 90.9090909090909
819736 825811 90.9090909090909


823728 817664 90.9090909090909
825811 819736 90.9090909090909


419687 208160 90.9090909090909
420048 208522 90.9090909090909


423618 213785 90.9090909090909
423979 214147 90.9090909090909


486854 309307 91.0421021200358
490190 312628 91.0421021200358


309307 486854 91.0421021200358
312628 490190 91.0421021200358


17107 107365 91.0891089108911
17409 107667 91.0891089108911


107365 17107 91.0891089108911
107667 17409 91.0891089108911


77189 391166 91.0915934755332
79574 393552 91.0915934755332


391166 77189 91.0915934755332
393552 79574 91.0915934755332


563616 174029 91.1057692307692
564029 174440 91.1057692307692


174029 563616 91.1057692307692
174440 564029 91.1057692307692


103756 256054 91.2359550561798
105089 257387 91.2359550561798


256054 103756 91.2359550561798
257387 105089 91.2359550561798


433394 453263 91.2776412776413
434205 454074 91.2776412776413


438474 458343 91.2776412776413
439285 459154 91.2776412776413


453263 433394 91.2776412776413
454074 434205 91.2776412776413


458343 438474 91.2776412776413
459154 439285 91.2776412776413


817664 823161 91.3493530499076
820309 825811 91.3493530499076


823161 817664 91.3493530499076
825811 820309 91.3493530499076


790646 792033 91.3934426229508
790886 792274 91.3934426229508


792033 790646 91.3934426229508
792274 790886 91.3934426229508


804615 806004 91.3934426229508
804856 806244 91.3934426229508


806004 804615 91.3934426229508
806244 804856 91.3934426229508


7721 390592 91.3963328631876
8428 391299 91.3963328631876


390592 7721 91.3963328631876
391299 8428 91.3963328631876


59118 123834 91.4046595792807
63402 128234 91.4046595792807


59118 719040 91.4046595792807
63402 723440 91.4046595792807


123834 59118 91.4046595792807
128234 63402 91.4046595792807


719040 59118 91.4046595792807
723440 63402 91.4046595792807


487237 17107 91.4473684210526
487539 17409 91.4473684210526


17107 487237 91.4473684210526
17409 487539 91.4473684210526


486462 258788 91.5178571428571
486685 259011 91.5178571428571


258788 486462 91.5178571428571
259011 486685 91.5178571428571


817664 825456 91.5730337078652
818007 825811 91.5730337078652


825456 817664 91.5730337078652
825811 818007 91.5730337078652


106849 486721 91.5828784831945
110300 490190 91.5828784831945


486721 106849 91.5852958070075
490190 110300 91.5852958070075


818518 822888 91.5997322623829
821476 825811 91.5997322623829


822888 818518 91.5997322623829
825811 821476 91.5997322623829


7721 259567 91.6184971098266
8411 260257 91.6184971098266


259567 7721 91.6184971098266
260257 8411 91.6184971098266


107004 390210 91.6716417910448
110324 393552 91.6716417910448


390210 107004 91.6716417910448
393552 110324 91.6716417910448


7721 309693 91.7630057803468
8411 310383 91.7630057803468


309693 7721 91.7630057803468
310383 8411 91.7630057803468


482818 126861 91.7910447761194
482950 126993 91.7910447761194


482818 692236 91.7910447761194
482950 692368 91.7910447761194


482818 722067 91.7910447761194
482950 722199 91.7910447761194


126861 482818 91.7910447761194
126993 482950 91.7910447761194


692236 482818 91.7910447761194
692368 482950 91.7910447761194


722067 482818 91.7910447761194
722199 482950 91.7910447761194


487237 7721 91.8194640338505
487944 8428 91.8194640338505


7721 487237 91.8194640338505
8428 487944 91.8194640338505


483056 102938 91.830985915493
483761 103643 91.830985915493


102938 483056 91.830985915493
103643 483761 91.830985915493


304337 385441 91.85733512786
305813 386901 91.85733512786


385441 304337 91.85733512786
386901 305813 91.85733512786


817936 822881 91.8829008649368
820897 825811 91.8829008649368


822881 817936 91.8829008649368
825811 820897 91.8829008649368


491902 264427 91.9275263695134
503640 276159 91.9275263695134


264427 491902 91.9282129795016
276159 503640 91.9282129795016


308755 389821 91.9395465994962
309150 390217 91.9395465994962


389821 308755 91.9395465994962
390217 309150 91.9395465994962


481814 253980 91.9747235387046
484956 257139 91.9747235387046


253980 481814 91.9747235387046
257139 484956 91.9747235387046


103756 305923 91.9966301600674
104940 307107 91.9966301600674


305923 103756 91.9966301600674
307107 104940 91.9966301600674


296515 277430 92.0175558908243
303741 284677 92.0175558908243


296515 246630 92.0175558908243
303741 253877 92.0175558908243


246630 296515 92.0175558908243
253877 303741 92.0175558908243


277430 296515 92.0175558908243
284677 303741 92.0175558908243


463482 266308 92.0755451713396
473738 276556 92.0755451713396


266308 463482 92.0763165579675
276556 473738 92.0763165579675


7721 107365 92.090395480226
8428 108072 92.090395480226


107365 7721 92.090395480226
108072 8428 92.090395480226


463482 113960 92.2446143154969
470663 121131 92.2446143154969


113960 463482 92.2456920511395
121131 470663 92.2456920511395


492573 112753 92.2527668689754
500962 121131 92.2527668689754


112753 492573 92.2536887196573
121131 500962 92.2536887196573


822881 824021 92.3458149779736
824664 825813 92.3458149779736


824021 822881 92.3458149779736
825813 824664 92.3458149779736


309374 390272 92.370820668693
312652 393552 92.370820668693


390272 309374 92.370820668693
393552 312652 92.370820668693


305923 387014 92.3728813559322
307101 388192 92.3728813559322


387014 305923 92.3728813559322
388192 307101 92.3728813559322


822881 824591 92.4009700889248
824092 825811 92.4009700889248


824591 822881 92.4009700889248
825811 824092 92.4009700889248


64506 694729 92.5045703839122
65599 695820 92.5045703839122


694729 64506 92.5045703839122
695820 65599 92.5045703839122


822893 823463 92.5879396984925
825246 825813 92.5879396984925


823463 822893 92.5879396984925
825813 825246 92.5879396984925


389548 389635 92.6267281105991
389763 389850 92.6267281105991


389635 389548 92.6267281105991
389850 389763 92.6267281105991


246630 377089 92.6368480542548
252795 383254 92.6368480542548


277430 377089 92.6368480542548
283595 383254 92.6368480542548


377089 277430 92.6368480542548
383254 283595 92.6368480542548


377089 246630 92.6368480542548
383254 252795 92.6368480542548


94322 246630 92.7266849846452
100484 252789 92.7266849846452


94322 277430 92.7266849846452
100484 283589 92.7266849846452


246630 94322 92.7266849846452
252789 100484 92.7266849846452


277430 94322 92.7266849846452
283589 100484 92.7266849846452


64506 129360 92.7787934186472
65599 130452 92.7787934186472


64506 724566 92.7787934186472
65599 725658 92.7787934186472


129360 64506 92.7787934186472
130452 65599 92.7787934186472


724566 64506 92.7787934186472
725658 65599 92.7787934186472


256054 387014 92.9411764705882
257243 388203 92.9411764705882


387014 256054 92.9411764705882
388203 257243 92.9411764705882


822579 825351 93.125
822895 825661 93.125


825351 822579 93.125
825661 822895 93.125


59118 689219 93.3637284701115
63033 693138 93.3637284701115


689219 59118 93.3637284701115
693138 63033 93.3637284701115


693109 127595 93.4782608695652
693200 127686 93.4782608695652


692968 693109 93.4782608695652
693059 693200 93.4782608695652


693109 692968 93.4782608695652
693200 693059 93.4782608695652


693109 722801 93.4782608695652
693200 722892 93.4782608695652


722801 693109 93.4782608695652
722892 693200 93.4782608695652


127595 693109 93.4782608695652
127686 693200 93.4782608695652


167005 243192 93.5012185215272
168219 244421 93.5012185215272


167005 169352 93.5012185215272
168219 170581 93.5012185215272


169352 167005 93.5012185215272
170581 168219 93.5012185215272


169352 240845 93.5012185215272
170581 242059 93.5012185215272


177888 180250 93.5012185215272
179117 181464 93.5012185215272


180250 177888 93.5012185215272
181464 179117 93.5012185215272


240845 243192 93.5012185215272
242059 244421 93.5012185215272


240845 169352 93.5012185215272
242059 170581 93.5012185215272


243192 167005 93.5012185215272
244421 168219 93.5012185215272


243192 240845 93.5012185215272
244421 242059 93.5012185215272


569636 142681 93.5642505879838
578967 152024 93.5642505879838


142681 569636 93.5642505879838
152024 578967 93.5642505879838


708049 569636 93.5642505879838
717392 578967 93.5642505879838


569636 708049 93.5642505879838
578967 717392 93.5642505879838


47266 569636 93.6097456721522
56615 578967 93.6097456721522


569636 47266 93.6097456721522
578967 56615 93.6097456721522


492573 315081 93.6327140323032
503270 325767 93.6327140323032


315081 492573 93.6333084391337
325767 503270 93.6333084391337


101720 254015 93.7080969571944
103643 255944 93.7080969571944


254015 101720 93.7080969571944
255944 103643 93.7080969571944


483871 387014 93.7384898710866
484956 388099 93.7384898710866


387014 483871 93.7384898710866
388099 484956 93.7384898710866


492565 394986 93.7680375180375
503640 406049 93.7680375180375


394986 492565 93.7685995130309
406049 503640 93.7685995130309


492573 82003 93.7911740817616
503640 93059 93.7911740817616


82003 492573 93.7917343439812
93059 503640 93.7917343439812


463482 316288 93.8019572766495
472971 325767 93.8019572766495


316288 463482 93.8026094276094
325767 472971 93.8026094276094


483871 103756 93.8305709023941
484956 104841 93.8305709023941


103756 483871 93.8305709023941
104841 484956 93.8305709023941


494163 285785 93.83626593615
503640 295252 93.83626593615


285785 494163 93.8369152970923
295252 503640 93.8369152970923


55560 121131 93.8589211618257
56762 122334 93.8589211618257


121131 55560 93.8589211618257
122334 56762 93.8589211618257


463482 396200 94.022973153466
478352 411116 94.022973153466


396200 463482 94.0233722871452
411116 478352 94.0233722871452


486923 390272 94.2943854324734
490207 393545 94.2943854324734


390272 486923 94.2943854324734
393545 490207 94.2943854324734


101231 303398 94.3069306930693
103643 305813 94.3069306930693


303398 101231 94.3069306930693
305813 103643 94.3069306930693


463482 83210 94.3297185048454
480714 100490 94.3297185048454


83210 463482 94.3300455672838
100490 480714 94.3300455672838


59118 123834 94.447261663286
63033 127765 94.447261663286


59118 719040 94.447261663286
63033 722971 94.447261663286


123834 59118 94.447261663286
127765 63033 94.447261663286


719040 59118 94.447261663286
722971 63033 94.447261663286


463864 285785 94.5115576722035
480978 302947 94.5115576722035


285785 463864 94.5118764155874
302947 480978 94.5118764155874


102171 385441 94.592645998558
104935 388193 94.592645998558


385441 102171 94.592645998558
388193 104935 94.592645998558


106994 259194 94.6891973445987
110300 262503 94.6891973445987


259194 106994 94.6891973445987
262503 110300 94.6891973445987


467732 370220 94.8198025862729
480707 383247 94.8198025862729


370220 467732 94.8198025862729
383247 480707 94.8198025862729


55390 686351 94.9850299401198
56724 687684 94.9850299401198


686351 55390 94.9850299401198
687684 56724 94.9850299401198


480665 383752 95.1327433628319
481116 384203 95.1327433628319


383752 480665 95.1327433628319
384203 481116 95.1327433628319


482818 62150 95.2054794520548
482963 62295 95.2054794520548


62150 482818 95.2054794520548
62295 482963 95.2054794520548


308540 308594 95.2380952380952
308728 308782 95.2380952380952


308594 308540 95.2380952380952
308782 308728 95.2380952380952


1059490 1059585 95.2380952380952
1059573 1059664 95.2380952380952


1059585 1059490 95.2380952380952
1059664 1059573 95.2380952380952


498031 370220 95.3832442067736
503640 375826 95.3832442067736


370220 498031 95.3832442067736
375826 503640 95.3832442067736


77189 260141 95.4353338968724
79550 262503 95.4353338968724


260141 77189 95.4353338968724
262503 79550 95.4353338968724


309328 259204 95.9177502267917
312628 262503 95.9177502267917


259204 309328 95.9177502267917
262503 312628 95.9177502267917


822881 825740 95.9459459459459
822954 825813 95.9459459459459


825740 822881 95.9459459459459
825813 822954 95.9459459459459


254466 385441 96.048632218845
255122 386091 96.048632218845


385441 254466 96.048632218845
386091 255122 96.048632218845


303886 254015 96.0672375515382
307025 257156 96.0672375515382


254015 303886 96.0672375515382
257156 307025 96.0672375515382


191776 736163 96.078431372549
191877 736264 96.078431372549


736163 191776 96.078431372549
736264 191877 96.078431372549


68818 133657 96.1430575035063
70237 135079 96.1430575035063


68818 728863 96.1430575035063
70237 730285 96.1430575035063


68818 699025 96.1430575035063
70237 700447 96.1430575035063


133657 68818 96.1430575035063
135079 70237 96.1430575035063


699025 68818 96.1430575035063
700447 70237 96.1430575035063


728863 68818 96.1430575035063
730285 70237 96.1430575035063


82019 265115 96.2684610679018
93456 276556 96.2684610679018


265115 82019 96.2684610679018
276556 93456 96.2684610679018


1066347 1067319 96.2732919254658
1066507 1067478 96.2732919254658


1067319 1066347 96.2732919254658
1067478 1066507 96.2732919254658


74979 139745 96.2912709181366
77189 141954 96.2912709181366


74979 705113 96.2912709181366
77189 707322 96.2912709181366


139745 74979 96.2912709181366
141954 77189 96.2912709181366


705113 74979 96.2912709181366
707322 77189 96.2912709181366


795579 797468 96.3302752293578
796012 797902 96.3302752293578


797468 795579 96.3302752293578
797902 796012 96.3302752293578


798987 800877 96.3302752293578
799421 801310 96.3302752293578


800877 798987 96.3302752293578
801310 799421 96.3302752293578


46736 142152 96.4018738164059
56762 152172 96.4018738164059


46736 707520 96.4018738164059
56762 717540 96.4018738164059


142152 46736 96.4018738164059
152172 56762 96.4018738164059


707520 46736 96.4018738164059
717540 56762 96.4018738164059


315097 265115 96.4218808542525
325767 275789 96.4218808542525


265115 315097 96.4218808542525
275789 325767 96.4218808542525


270550 370220 96.4541368403529
276556 376223 96.4541368403529


370220 270550 96.4541368403529
376223 276556 96.4541368403529


285785 266690 96.5342521280908
295649 276556 96.5342521280908


266690 285785 96.5342521280908
276556 295649 96.5342521280908


265092 394987 96.5375893947323
276556 406446 96.5375893947323


394987 265092 96.5375893947323
406446 276556 96.5375893947323


18305 801865 96.5465465465465
18966 802530 96.5465465465465


801865 18305 96.5465465465465
802530 18966 96.5465465465465


112769 265115 96.652719665272
121131 273478 96.652719665272


265115 112769 96.652719665272
273478 121131 96.652719665272


1409987 1410047 96.7213114754098
1410230 1410287 96.7213114754098


1410047 1409987 96.7213114754098
1410287 1410230 96.7213114754098


731499 801865 96.8468468468468
732163 802530 96.8468468468468


801865 731499 96.8468468468468
802530 732163 96.8468468468468


1066347 1067157 97.2136222910217
1066669 1067478 97.2136222910217


1067157 1066347 97.2136222910217
1067478 1066669 97.2136222910217


70506 135341 97.2894265232975
74965 139803 97.2894265232975


70506 700709 97.2894265232975
74965 705171 97.2894265232975


135341 70506 97.2894265232975
139803 74965 97.2894265232975


700709 70506 97.2894265232975
705171 74965 97.2894265232975


1066347 1066995 97.5257731958763
1066831 1067478 97.5257731958763


1066995 1066347 97.5257731958763
1067478 1066831 97.5257731958763


162980 792512 97.7260422306443
164791 794358 97.7260422306443


183678 802531 97.7260422306443
185489 804377 97.7260422306443


236820 792512 97.7260422306443
238631 794358 97.7260422306443


792512 236820 97.7260422306443
794358 238631 97.7260422306443


792512 162980 97.7260422306443
794358 164791 97.7260422306443


802531 183678 97.7260422306443
804377 185489 97.7260422306443


21573 46598 97.7611940298508
21706 46729 97.7611940298508


46598 21573 97.7611940298508
46729 21706 97.7611940298508


101720 284815 97.83728115345
102690 285785 97.83728115345


303886 284815 97.83728115345
304856 285785 97.83728115345


284815 303886 97.83728115345
285785 304856 97.83728115345


284815 101720 97.83728115345
285785 102690 97.83728115345


384118 384172 97.8571428571428
384257 384311 97.8571428571428


384172 384118 97.8571428571428
384311 384257 97.8571428571428


686351 577744 98.0440097799511
687576 578967 98.0440097799511


577744 686351 98.0440097799511
578967 687576 98.0440097799511


1066347 1066833 98.145285935085
1066993 1067478 98.145285935085


1066833 1066347 98.145285935085
1067478 1066993 98.145285935085


112769 395010 98.1465981107258
121131 403371 98.1465981107258


395010 112769 98.1465981107258
403371 121131 98.1465981107258


203250 216694 98.1751824817518
203797 217241 98.1751824817518


205068 218512 98.1751824817518
205615 219059 98.1751824817518


216694 203250 98.1751824817518
217241 203797 98.1751824817518


218512 205068 98.1751824817518
219059 205615 98.1751824817518


577914 121131 98.2954545454545
578967 122186 98.2954545454545


121131 577914 98.2954545454545
122186 578967 98.2954545454545


315097 395010 98.5287227064005
325767 405679 98.5287227064005


395010 315097 98.5287227064005
405679 325767 98.5287227064005


158838 807176 98.5340314136126
159791 808130 98.5340314136126


188678 788760 98.5340314136126
189631 789714 98.5340314136126


232678 807176 98.5340314136126
233631 808130 98.5340314136126


788760 188678 98.5340314136126
789714 189631 98.5340314136126


807176 232678 98.5340314136126
808130 233631 98.5340314136126


807176 158838 98.5340314136126
808130 159791 98.5340314136126


82019 395010 98.5349804457136
98127 411116 98.5349804457136


395010 82019 98.5349804457136
411116 98127 98.5349804457136


68380 68434 98.5731450886152
75037 75001 98.5731450886152


68434 68380 98.5731450886152
75001 75037 98.5731450886152


1066347 1066671 98.6402966625464
1067155 1067478 98.6402966625464


1066671 1066347 98.6402966625464
1067478 1067155 98.6402966625464


285266 385441 98.6538461538462
285785 385960 98.6538461538462


385441 285266 98.6538461538462
385960 285785 98.6538461538462


87453 370220 98.8189278318889
100491 383255 98.8189278318889


370220 87453 98.8189278318889
383255 100491 98.8189278318889


285785 396582 98.8992845349477
300320 411116 98.8992845349477


396582 285785 98.8992845349477
411116 300320 98.8992845349477


780840 780930 98.9010989010989
780930 781020 98.9010989010989


780930 780840 98.9010989010989
781020 780930 98.9010989010989


815871 815961 98.9010989010989
815961 816051 98.9010989010989


815961 815871 98.9010989010989
816051 815961 98.9010989010989


159783 786019 98.9542483660131
160546 786782 98.9542483660131


233623 786019 98.9542483660131
234386 786782 98.9542483660131


786019 159783 98.9542483660131
786782 160546 98.9542483660131


786019 233623 98.9542483660131
786782 234386 98.9542483660131


17486 730686 99.0221642764016
19016 732213 99.0221642764016


730686 17486 99.0221642764016
732213 19016 99.0221642764016


289646 370220 99.0407489831939
302676 383247 99.0407489831939


370220 289646 99.0407489831939
383247 302676 99.0407489831939


17409 730558 99.0654205607477
17515 730664 99.0654205607477


730558 17409 99.0654205607477
730664 17515 99.0654205607477


187923 810108 99.0849673202614
188686 810872 99.0849673202614


810108 187923 99.0849673202614
810872 188686 99.0849673202614


547049 556180 99.1335171327294
549585 558718 99.1335171327294


556180 547049 99.1335171327294
558718 549585 99.1335171327294


1066347 1066509 99.1761071060762
1067317 1067478 99.1761071060762


1066509 1066347 99.1761071060762
1067478 1067317 99.1761071060762


1688005 1688005 99.2233582383012
1698110 1698176 99.2233582383012


1688005 1688005 99.2233582383012
1698176 1698110 99.2233582383012


1156891 424846 99.2753623188406
1157304 425258 99.2753623188406


424846 1156891 99.2753623188406
425258 1157304 99.2753623188406


106982 309307 99.3359706131676
121131 323459 99.3359706131676


309307 106982 99.3359706131676
323459 121131 99.3359706131676


686350 716166 99.5139563949451
700720 730558 99.5139563949451


716166 686350 99.5139563949451
730558 700720 99.5139563949451


1687832 1687832 99.5232243794544
1708140 1708140 99.5232243794544


1687832 1687832 99.5232243794544
1708140 1708140 99.5232243794544


118203 370220 99.624445203141
121131 373148 99.624445203141


370220 118203 99.624445203141
373148 121131 99.624445203141


20611 20611 99.6789972485478
46736 46736 99.6789972485478


20611 20611 99.6789972485478
46736 46736 99.6789972485478


686350 150798 99.7065727699531
688052 152499 99.7065727699531


150798 686350 99.7065727699531
152499 688052 99.7065727699531


1288324 1291569 99.7169811320755
1291503 1294748 99.7169811320755


1291569 1288324 99.7169811320755
1294748 1291503 99.7169811320755


83592 285785 99.7514645837032
100490 302683 99.7514645837032


285785 83592 99.7514645837032
302683 100490 99.7514645837032


504578 504578 99.7647520094099
545337 545337 99.7647520094099


320531 370220 99.7708611800649
325767 375456 99.7708611800649


370220 320531 99.7708611800649
375456 325767 99.7708611800649


508928 508928 99.7750404652822
545337 545337 99.7750404652822


686521 121131 99.776913761234
717867 152499 99.776913761234


121131 686521 99.776913761234
152499 717867 99.776913761234


27931 27931 99.7769161310883
46736 46736 99.7769161310883


77189 107939 99.780186462518
90381 121131 99.780186462518


107939 77189 99.780186462518
121131 90381 99.780186462518


504578 504578 99.8480056875291
545337 545337 99.8480056875291


370220 400443 99.8594847775176
380894 411116 99.8594847775176


400443 370220 99.8594847775176
411116 380894 99.8594847775176


411116 459995 99.9713384924047
414604 463482 99.9713384924047


