#-- reverse hits sorted by %sim
0 0 0
0 0 0


55074 205590 77.5757575757576
55565 205108 77.5757575757576


205108 55565 77.5757575757576
205590 55074 77.5757575757576


1838723 55565 77.5757575757576
1839205 55074 77.5757575757576


55074 1839205 77.5757575757576
55565 1838723 77.5757575757576


306261 1866343 78.9173789173789
306958 1865646 78.9173789173789


1865646 306958 78.9173789173789
1866343 306261 78.9173789173789


1886198 279024 78.9173789173789
1886895 278327 78.9173789173789


1886198 352864 78.9173789173789
1886895 352167 78.9173789173789


278327 1886895 78.9473684210526
279024 1886198 78.9473684210526


352167 1886895 78.9473684210526
352864 1886198 78.9473684210526


246962 171732 80.1457194899818
247448 171187 80.1457194899818


171187 247448 80.1457194899818
171732 246962 80.1457194899818


875011 776971 80.3964757709251
875460 776522 80.3964757709251


875011 746171 80.3964757709251
875460 745722 80.3964757709251


745722 875460 80.3964757709251
746171 875011 80.3964757709251


776522 875460 80.3964757709251
776971 875011 80.3964757709251


293918 1900973 81.4298978644382
294987 1899901 81.4298978644382


1899901 294987 81.4298978644382
1900973 293918 81.4298978644382


538184 606180 82.1002386634845
538601 605763 82.1002386634845


538184 636479 82.1002386634845
538601 636062 82.1002386634845


605763 538601 82.1002386634845
606180 538184 82.1002386634845


636062 538601 82.1002386634845
636479 538184 82.1002386634845


569437 636479 82.1243523316062
569821 636095 82.1243523316062


569437 606180 82.1243523316062
569821 605796 82.1243523316062


599660 606180 82.1243523316062
600044 605796 82.1243523316062


599660 636479 82.1243523316062
600044 636095 82.1243523316062


605796 600044 82.1243523316062
606180 599660 82.1243523316062


605796 569821 82.1243523316062
606180 569437 82.1243523316062


636095 569821 82.1243523316062
636479 569437 82.1243523316062


636095 600044 82.1243523316062
636479 599660 82.1243523316062


204244 606180 82.3389021479714
204661 605763 82.3389021479714


1837859 606180 82.3389021479714
1838276 605763 82.3389021479714


605763 204661 82.3389021479714
606180 204244 82.3389021479714


605763 1838276 82.3389021479714
606180 1837859 82.3389021479714


57726 49508 82.4341279799247
58512 48719 82.4341279799247


48719 58512 82.4561403508772
49508 57726 82.4561403508772


28596 20379 82.5417201540436
29369 19608 82.5417201540436


636080 767710 82.5436408977556
636479 767311 82.5436408977556


767311 636479 82.5436408977556
767710 636080 82.5436408977556


19608 29369 82.5641025641026
20379 28596 82.5641025641026


204244 636479 82.5870646766169
204644 636079 82.5870646766169


1837859 636479 82.5870646766169
1838259 636079 82.5870646766169


636079 204644 82.5870646766169
636479 204244 82.5870646766169


636079 1838259 82.5870646766169
636479 1837859 82.5870646766169


605778 767713 82.6732673267327
606180 767311 82.6732673267327


767311 606180 82.6732673267327
767713 605778 82.6732673267327


537098 854883 83.2446808510638
537473 854524 83.2446808510638


537098 885534 83.2446808510638
537473 885175 83.2446808510638


854524 537473 83.2446808510638
854883 537098 83.2446808510638


885175 537473 83.2446808510638
885534 537098 83.2446808510638


605796 628598 83.3746898263027
606195 628199 83.3746898263027


628199 636494 83.3746898263027
628598 636095 83.3746898263027


628199 606195 83.3746898263027
628598 605796 83.3746898263027


636095 628598 83.3746898263027
636494 628199 83.3746898263027


417021 28211 83.4080717488789
417669 27544 83.4080717488789


436733 50560 83.4080717488789
437381 49893 83.4080717488789


27544 417669 83.4080717488789
28211 417021 83.4080717488789


49893 437381 83.4080717488789
50560 436733 83.4080717488789


875649 745491 84.1432225063939
876027 745101 84.1432225063939


875649 776291 84.1432225063939
876027 775901 84.1432225063939


745101 876027 84.1432225063939
745491 875649 84.1432225063939


775901 876027 84.1432225063939
776291 875649 84.1432225063939


547653 875132 84.1688654353562
548030 874763 84.1688654353562


213875 875132 84.1688654353562
214252 874763 84.1688654353562


1847490 875132 84.1688654353562
1847867 874763 84.1688654353562


874763 214252 84.2105263157895
875132 213875 84.2105263157895


874763 1847867 84.2105263157895
875132 1847490 84.2105263157895


874763 548030 84.2105263157895
875132 547653 84.2105263157895


516952 875083 84.2424242424242
517280 874763 84.2424242424242


874763 517280 84.2900302114804
875083 516952 84.2900302114804


208350 731629 84.4559585492228
208542 731437 84.4559585492228


1841965 731629 84.4559585492228
1842157 731437 84.4559585492228


208279 731646 84.7619047619048
208488 731437 84.7619047619048


1841894 731646 84.7619047619048
1842103 731437 84.7619047619048


731437 208488 84.7619047619048
731646 208279 84.7619047619048


731437 1842103 84.7619047619048
731646 1841894 84.7619047619048


276887 1888335 84.7826086956522
277803 1887445 84.7826086956522


307482 1865096 84.7826086956522
308398 1864206 84.7826086956522


350727 1888335 84.7826086956522
351643 1887445 84.7826086956522


1864206 308398 84.7826086956522
1865096 307482 84.7826086956522


1887445 351643 84.7826086956522
1888335 350727 84.7826086956522


1887445 277803 84.7826086956522
1888335 276887 84.7826086956522


1899253 663515 84.9654377880184
1900973 661789 84.9654377880184


661789 1900973 84.9654377880184
663515 1899253 84.9654377880184


1875795 170002 84.9802371541502
1876041 169761 84.9802371541502


169761 1876041 84.9802371541502
170002 1875795 84.9802371541502


457002 43406 85.1116625310174
458201 42237 85.1116625310174


473955 35870 85.1116625310174
475154 34701 85.1116625310174


42237 458201 85.1116625310174
43406 457002 85.1116625310174


202393 731997 85.2719665271967
203499 730837 85.2719665271967


1836008 731997 85.2719665271967
1837114 730837 85.2719665271967


312538 662956 85.5491329479769
312710 662784 85.5491329479769


346415 659954 85.5491329479769
346587 659782 85.5491329479769


659782 346587 85.5491329479769
659954 346415 85.5491329479769


662784 312710 85.5491329479769
662956 312538 85.5491329479769


457002 44470 85.6525496974935
458149 43350 85.6525496974935


474007 34757 85.6525496974935
475154 33637 85.6525496974935


43350 458149 85.6525496974935
44470 457002 85.6525496974935


33637 475154 85.6600189933523
34653 474107 85.6600189933523


144553 157034 85.781990521327
144955 156613 85.781990521327


145574 158054 85.781990521327
145995 157652 85.781990521327


156613 144955 85.781990521327
157034 144553 85.781990521327


157652 145995 85.781990521327
158054 145574 85.781990521327


423354 1875102 85.8880778588808
423759 1874692 85.8880778588808


430643 1877848 85.8880778588808
431048 1877438 85.8880778588808


1874692 423759 85.8880778588808
1875102 423354 85.8880778588808


1877438 431048 85.8880778588808
1877848 430643 85.8880778588808


293917 660949 85.9229747675963
294666 660198 85.9229747675963


660198 294666 85.9229747675963
660949 293917 85.9229747675963


290615 662540 85.9416445623342
291364 661788 85.9416445623342


661788 291364 85.9416445623342
662540 290615 85.9416445623342


34701 475154 85.9449192782526
35717 474107 85.9449192782526


849606 771479 85.952380952381
850024 771063 85.952380952381


849606 740679 85.952380952381
850024 740263 85.952380952381


880257 740679 85.952380952381
880675 740263 85.952380952381


880257 771479 85.952380952381
880675 771063 85.952380952381


740263 880675 85.952380952381
740679 880257 85.952380952381


740263 850024 85.952380952381
740679 849606 85.952380952381


771063 880675 85.952380952381
771479 880257 85.952380952381


771063 850024 85.952380952381
771479 849606 85.952380952381


730837 203499 86.0134003350084
731997 202393 86.0134003350084


730837 1837114 86.0134003350084
731997 1836008 86.0134003350084


74221 600164 86.0586319218241
75749 598643 86.0586319218241


74221 569941 86.0586319218241
75749 568420 86.0586319218241


702225 569941 86.0586319218241
703753 568420 86.0586319218241


702225 600164 86.0586319218241
703753 598643 86.0586319218241


568420 703753 86.0677083333333
569941 702225 86.0677083333333


598643 703753 86.0677083333333
600164 702225 86.0677083333333


568420 75749 86.0677083333333
569941 74221 86.0677083333333


598643 75749 86.0677083333333
600164 74221 86.0677083333333


310517 665666 86.0730593607306
311384 664795 86.0730593607306


664795 311384 86.0730593607306
665666 310517 86.0730593607306


272590 659939 86.0759493670886
272747 659782 86.0759493670886


659782 272747 86.0759493670886
659939 272590 86.0759493670886


273901 657944 86.1872146118721
274768 657073 86.1872146118721


347741 657944 86.1872146118721
348608 657073 86.1872146118721


657073 348608 86.1872146118721
657944 347741 86.1872146118721


657073 274768 86.1872146118721
657944 273901 86.1872146118721


759329 680829 86.2098138747885
760498 679657 86.2098138747885


679657 760498 86.2098138747885
680829 759329 86.2098138747885


272757 295589 86.3057324840764
273069 295277 86.3057324840764


289694 312528 86.3057324840764
290006 312216 86.3057324840764


295277 346909 86.3057324840764
295589 346597 86.3057324840764


295277 273069 86.3057324840764
295589 272757 86.3057324840764


312216 290006 86.3057324840764
312528 289694 86.3057324840764


346597 295589 86.3057324840764
346909 295277 86.3057324840764


204098 702879 86.3207547169811
205565 701410 86.3207547169811


1837713 702879 86.3207547169811
1839180 701410 86.3207547169811


204098 74875 86.3207547169811
205565 73406 86.3207547169811


1837713 74875 86.3207547169811
1839180 73406 86.3207547169811


73406 205565 86.3207547169811
74875 204098 86.3207547169811


701410 205565 86.3207547169811
702879 204098 86.3207547169811


701410 1839180 86.3207547169811
702879 1837713 86.3207547169811


73406 1839180 86.3207547169811
74875 1837713 86.3207547169811


731469 208510 86.3354037267081
731629 208350 86.3354037267081


731469 1842125 86.3354037267081
731629 1841965 86.3354037267081


421611 1879533 86.3509749303621
422322 1878819 86.3509749303621


432080 1873722 86.3509749303621
432791 1873008 86.3509749303621


1873008 432791 86.3509749303621
1873722 432080 86.3509749303621


1878819 422322 86.3509749303621
1879533 421611 86.3509749303621


730833 627471 86.5217391304348
731521 626798 86.5217391304348


785566 568764 86.5217391304348
786239 568076 86.5217391304348


785566 598987 86.5217391304348
786239 598299 86.5217391304348


35754 44481 86.6612111292962
36966 43295 86.6612111292962


41141 34812 86.6612111292962
42353 33626 86.6612111292962


43295 36966 86.6612111292962
44481 35754 86.6612111292962


537098 785895 86.6666666666667
537427 785582 86.6666666666667


785582 537427 86.6666666666667
785895 537098 86.6666666666667


33626 42353 86.6721177432543
34812 41141 86.6721177432543


853254 879762 86.7724867724868
853439 879581 86.7724867724868


883905 879762 86.7724867724868
884090 879581 86.7724867724868


627142 703753 87.0689655172414
627473 703406 87.0689655172414


627142 75749 87.0689655172414
627473 75402 87.0689655172414


75402 627473 87.0689655172414
75749 627142 87.0689655172414


703406 627473 87.0689655172414
703753 627142 87.0689655172414


628094 702853 87.1527777777778
628381 702566 87.1527777777778


628094 74849 87.1527777777778
628381 74562 87.1527777777778


74562 628381 87.1527777777778
74849 628094 87.1527777777778


702566 628381 87.1527777777778
702853 628094 87.1527777777778


296099 1898790 87.1720116618076
296441 1898448 87.1720116618076


1898448 296441 87.1720116618076
1898790 296099 87.1720116618076


312024 1899801 87.2047244094488
312531 1899296 87.2047244094488


1899296 312531 87.2047244094488
1899801 312024 87.2047244094488


729608 697878 87.292817679558
729785 697701 87.292817679558


69697 729785 87.292817679558
69874 729608 87.292817679558


697701 729785 87.292817679558
697878 729608 87.292817679558


729608 69874 87.292817679558
729785 69697 87.292817679558


569291 884607 87.3048200950441
570751 883140 87.3048200950441


569291 853956 87.3048200950441
570751 852489 87.3048200950441


599514 853956 87.3048200950441
600974 852489 87.3048200950441


599514 884607 87.3048200950441
600974 883140 87.3048200950441


852489 570751 87.3048200950441
853956 569291 87.3048200950441


852489 600974 87.3048200950441
853956 599514 87.3048200950441


883140 600974 87.3048200950441
884607 599514 87.3048200950441


883140 570751 87.3048200950441
884607 569291 87.3048200950441


295273 1899614 87.3320537428023
295792 1899095 87.3320537428023


1899095 295792 87.3320537428023
1899614 295273 87.3320537428023


784616 204451 87.4139010644959
786185 202869 87.4139010644959


202869 786185 87.4139010644959
204451 784616 87.4139010644959


1836484 786185 87.4139010644959
1838066 784616 87.4139010644959


784616 1838066 87.4139010644959
786185 1836484 87.4139010644959


626890 731429 87.4581939799331
627471 730833 87.4581939799331


568168 786147 87.4581939799331
568764 785566 87.4581939799331


598391 786147 87.4581939799331
598987 785566 87.4581939799331


537593 885052 87.6097057305111
539510 883140 87.6097057305111


537593 854401 87.6097057305111
539510 852489 87.6097057305111


852489 539510 87.6097057305111
854401 537593 87.6097057305111


883140 539510 87.6097057305111
885052 537593 87.6097057305111


272756 663470 87.6470588235294
273264 662964 87.6470588235294


312021 659774 87.6470588235294
312529 659268 87.6470588235294


346596 663470 87.6470588235294
347104 662964 87.6470588235294


659268 312529 87.6470588235294
659774 312021 87.6470588235294


662964 273264 87.6470588235294
663470 272756 87.6470588235294


662964 347104 87.6470588235294
663470 346596 87.6470588235294


728846 629528 87.7966101694915
730306 628068 87.7966101694915


628068 730306 87.8048780487805
629528 728846 87.8048780487805


765443 731997 87.8813559322034
766573 730837 87.8813559322034


730837 766573 87.9661016949153
731997 765443 87.9661016949153


327143 669359 87.9684418145957
328135 668348 87.9684418145957


330990 654392 87.9684418145957
331982 653381 87.9684418145957


653381 331982 87.9684418145957
654392 330990 87.9684418145957


668348 328135 87.9684418145957
669359 327143 87.9684418145957


568162 855141 88.0434782608696
568804 854514 88.0434782608696


568162 885792 88.0434782608696
568804 885165 88.0434782608696


598385 885792 88.0434782608696
599027 885165 88.0434782608696


598385 855141 88.0434782608696
599027 854514 88.0434782608696


854514 568804 88.0434782608696
855141 568162 88.0434782608696


854514 599027 88.0434782608696
855141 598385 88.0434782608696


885165 568804 88.0434782608696
885792 568162 88.0434782608696


885165 599027 88.0434782608696
885792 598385 88.0434782608696


537098 731177 88.2978723404255
537473 730803 88.2978723404255


730803 537473 88.2978723404255
731177 537098 88.2978723404255


423332 171925 88.5612153708668
424440 170813 88.5612153708668


170813 424440 88.5612153708668
171925 423332 88.5612153708668


725232 729785 88.5869565217391
725415 729608 88.5869565217391


729608 725415 88.5869565217391
729785 725232 88.5869565217391


574182 569989 88.5869565217391
574365 569812 88.5869565217391


574182 600212 88.5869565217391
574365 600035 88.5869565217391


569812 209377 88.6486486486487
569989 209195 88.6486486486487


600035 209377 88.6486486486487
600212 209195 88.6486486486487


569812 1842992 88.6486486486487
569989 1842810 88.6486486486487


600035 1842992 88.6486486486487
600212 1842810 88.6486486486487


569812 574365 88.6486486486487
569989 574182 88.6486486486487


600035 574365 88.6486486486487
600212 574182 88.6486486486487


209195 600212 88.6486486486487
209377 600035 88.6486486486487


209195 569989 88.6486486486487
209377 569812 88.6486486486487


1842810 569989 88.6486486486487
1842992 569812 88.6486486486487


1842810 600212 88.6486486486487
1842992 600035 88.6486486486487


203159 703753 88.8888888888889
203490 703421 88.8888888888889


1836774 703753 88.8888888888889
1837105 703421 88.8888888888889


203159 75749 88.8888888888889
203490 75417 88.8888888888889


1836774 75749 88.8888888888889
1837105 75417 88.8888888888889


538584 632905 88.8888888888889
538715 632774 88.8888888888889


538584 602606 88.8888888888889
538715 602475 88.8888888888889


75417 203490 88.8888888888889
75749 203159 88.8888888888889


703421 203490 88.8888888888889
703753 203159 88.8888888888889


703421 1837105 88.8888888888889
703753 1836774 88.8888888888889


75417 1837105 88.8888888888889
75749 1836774 88.8888888888889


569812 741389 88.9502762430939
569989 741210 88.9502762430939


569812 772189 88.9502762430939
569989 772010 88.9502762430939


600035 772189 88.9502762430939
600212 772010 88.9502762430939


600035 741389 88.9502762430939
600212 741210 88.9502762430939


741210 600212 88.9502762430939
741389 600035 88.9502762430939


741210 569989 88.9502762430939
741389 569812 88.9502762430939


772010 569989 88.9502762430939
772189 569812 88.9502762430939


772010 600212 88.9502762430939
772189 600035 88.9502762430939


602475 538715 88.9705882352941
602606 538584 88.9705882352941


632774 538715 88.9705882352941
632905 538584 88.9705882352941


767165 702879 89.0647482014388
769932 700109 89.0647482014388


767165 74875 89.0647482014388
769932 72105 89.0647482014388


700109 769932 89.0647482014388
702879 767165 89.0647482014388


72105 769932 89.0647482014388
74875 767165 89.0647482014388


1856068 1899414 89.1111111111111
1856517 1898965 89.1111111111111


1898965 1856517 89.1111111111111
1899414 1856068 89.1111111111111


538584 209355 89.1304347826087
538715 209219 89.1304347826087


538584 1842970 89.1304347826087
538715 1842834 89.1304347826087


209219 538715 89.1304347826087
209355 538584 89.1304347826087


1842834 538715 89.1304347826087
1842970 538584 89.1304347826087


250641 385017 89.1566265060241
250805 384856 89.1566265060241


265664 370290 89.1566265060241
265828 370129 89.1566265060241


370129 265828 89.1566265060241
370290 265664 89.1566265060241


384856 250805 89.1566265060241
385017 250641 89.1566265060241


785582 766561 89.1797556719023
786147 765990 89.1797556719023


765990 786147 89.1797556719023
766561 785582 89.1797556719023


247213 430569 89.4067796610169
247448 430335 89.4067796610169


269021 424067 89.4067796610169
269256 423833 89.4067796610169


423833 269256 89.4067796610169
424067 269021 89.4067796610169


430335 247448 89.4067796610169
430569 247213 89.4067796610169


1897196 665603 89.6168108776267
1898004 664795 89.6168108776267


664795 1898004 89.6168108776267
665603 1897196 89.6168108776267


204644 602606 89.7058823529412
204777 602475 89.7058823529412


204644 632905 89.7058823529412
204777 632774 89.7058823529412


1838259 602606 89.7058823529412
1838392 602475 89.7058823529412


1838259 632905 89.7058823529412
1838392 632774 89.7058823529412


602475 204777 89.7058823529412
602606 204644 89.7058823529412


632774 204777 89.7058823529412
632905 204644 89.7058823529412


602475 1838392 89.7058823529412
602606 1838259 89.7058823529412


632774 1838392 89.7058823529412
632905 1838259 89.7058823529412


273370 1898537 89.9197592778335
275354 1896558 89.9197592778335


347210 1898537 89.9197592778335
349194 1896558 89.9197592778335


1896558 349194 89.9248120300752
1898537 347210 89.9248120300752


1896558 275354 89.9248120300752
1898537 273370 89.9248120300752


538038 702879 89.9410464259396
540730 700181 89.9410464259396


538038 74875 89.9410464259396
540730 72177 89.9410464259396


72177 540730 89.9410464259396
74875 538038 89.9410464259396


700181 540730 89.9410464259396
702879 538038 89.9410464259396


626798 885911 90.0376411543287
630723 881944 90.0376411543287


626798 855260 90.0376411543287
630723 851293 90.0376411543287


608032 65166 90.1554404145078
608994 64202 90.1554404145078


638331 65166 90.1554404145078
639293 64202 90.1554404145078


64202 608994 90.1554404145078
65166 608032 90.1554404145078


64202 639293 90.1554404145078
65166 638331 90.1554404145078


346415 1899984 90.2298850574713
346587 1899812 90.2298850574713


1899812 346587 90.2298850574713
1899984 346415 90.2298850574713


538584 772167 90.3703703703704
538715 772034 90.3703703703704


538584 741367 90.3703703703704
538715 741234 90.3703703703704


741234 538715 90.3703703703704
741367 538584 90.3703703703704


772034 538715 90.3703703703704
772167 538584 90.3703703703704


857292 763801 90.3880463871543
861747 759355 90.3880463871543


887943 763801 90.3880463871543
892398 759355 90.3880463871543


759355 892398 90.3880463871543
763801 887943 90.3880463871543


759355 861747 90.3880463871543
763801 857292 90.3880463871543


69715 702334 90.4109589041096
69860 702189 90.4109589041096


74185 697864 90.4109589041096
74330 697719 90.4109589041096


697719 702334 90.4109589041096
697864 702189 90.4109589041096


702189 697864 90.4109589041096
702334 697719 90.4109589041096


69715 74330 90.4109589041096
69860 74185 90.4109589041096


74185 69860 90.4109589041096
74330 69715 90.4109589041096


697719 74330 90.4109589041096
697864 74185 90.4109589041096


702189 69860 90.4109589041096
702334 69715 90.4109589041096


740960 725717 90.436005625879
744450 722171 90.436005625879


771760 725717 90.436005625879
775250 722171 90.436005625879


722171 744450 90.4869124683366
725717 740960 90.4869124683366


722171 775250 90.4869124683366
725717 771760 90.4869124683366


569812 632927 90.5555555555556
569989 632750 90.5555555555556


569812 602628 90.5555555555556
569989 602451 90.5555555555556


600035 632927 90.5555555555556
600212 632750 90.5555555555556


600035 602628 90.5555555555556
600212 602451 90.5555555555556


602451 600212 90.5555555555556
602628 600035 90.5555555555556


602451 569989 90.5555555555556
602628 569812 90.5555555555556


632750 569989 90.5555555555556
632927 569812 90.5555555555556


632750 600212 90.5555555555556
632927 600035 90.5555555555556


272590 1899969 90.5660377358491
272747 1899812 90.5660377358491


1899812 272747 90.5660377358491
1899969 272590 90.5660377358491


574231 767822 90.6779661016949
574347 767710 90.6779661016949


767710 574347 90.6779661016949
767822 574231 90.6779661016949


798177 784610 90.7339142091153
804129 778669 90.7339142091153


778669 804129 90.7354665773161
784610 798177 90.7354665773161


728846 768643 90.819209039548
729553 767937 90.819209039548


767937 729553 90.819209039548
768643 728846 90.819209039548


786154 765863 90.8546877397576
792643 759418 90.8546877397576


759418 792643 90.8546877397576
765863 786154 90.8546877397576


851293 630723 90.905941451585
857012 625065 90.905941451585


881944 630723 90.905941451585
887663 625065 90.905941451585


289648 663515 90.9090909090909
290010 663154 90.9090909090909


295273 659584 90.9090909090909
295635 659223 90.9090909090909


659223 295635 90.9090909090909
659584 295273 90.9090909090909


663154 290010 90.9090909090909
663515 289648 90.9090909090909


851288 206774 90.9467644246095
854401 203653 90.9467644246095


881939 206774 90.9467644246095
885052 203653 90.9467644246095


851288 1840389 90.9467644246095
854401 1837268 90.9467644246095


881939 1840389 90.9467644246095
885052 1837268 90.9467644246095


203653 885052 90.9467644246095
206774 881939 90.9467644246095


203653 854401 90.9467644246095
206774 851288 90.9467644246095


1837268 854401 90.9467644246095
1840389 851288 90.9467644246095


1837268 885052 90.9467644246095
1840389 881939 90.9467644246095


537587 785420 90.9541511771995
538391 784616 90.9541511771995


784616 538391 90.9541511771995
785420 537587 90.9541511771995


602310 698019 91.0355029585799
605682 694671 91.0355029585799


602310 70015 91.0355029585799
605682 66667 91.0355029585799


66667 605682 91.0355029585799
70015 602310 91.0355029585799


694671 605682 91.0355029585799
698019 602310 91.0355029585799


632189 698439 91.0526315789474
635981 694671 91.0526315789474


632189 70435 91.0526315789474
635981 66667 91.0526315789474


66667 635981 91.0526315789474
70435 632189 91.0526315789474


694671 635981 91.0526315789474
698439 632189 91.0526315789474


867355 784610 91.085160922814
874367 777616 91.085160922814


777616 874367 91.085160922814
784610 867355 91.085160922814


851286 769845 91.0999686618615
854449 766669 91.0999686618615


881937 769845 91.0999686618615
885100 766669 91.0999686618615


766669 885100 91.0999686618615
769845 881937 91.0999686618615


766669 854449 91.0999686618615
769845 851286 91.0999686618615


465873 39259 91.1057692307692
466286 38848 91.1057692307692


38848 466286 91.1057692307692
39259 465873 91.1057692307692


329357 466286 91.1057692307692
329768 465873 91.1057692307692


465873 329768 91.1057692307692
466286 329357 91.1057692307692


542978 569989 91.1111111111111
543155 569812 91.1111111111111


542978 600212 91.1111111111111
543155 600035 91.1111111111111


569812 543155 91.1111111111111
569989 542978 91.1111111111111


600035 543155 91.1111111111111
600212 542978 91.1111111111111


602500 767822 91.1504424778761
602610 767710 91.1504424778761


632799 767822 91.1504424778761
632909 767710 91.1504424778761


767710 602610 91.1504424778761
767822 602500 91.1504424778761


767710 632909 91.1504424778761
767822 632799 91.1504424778761


628823 702109 91.1554921540656
629519 701410 91.1554921540656


628823 74105 91.1554921540656
629519 73406 91.1554921540656


73406 629519 91.1554921540656
74105 628823 91.1554921540656


701410 629519 91.1554921540656
702109 628823 91.1554921540656


204644 741367 91.1764705882353
204777 741234 91.1764705882353


204644 772167 91.1764705882353
204777 772034 91.1764705882353


1838259 741367 91.1764705882353
1838392 741234 91.1764705882353


1838259 772167 91.1764705882353
1838392 772034 91.1764705882353


741234 204777 91.1764705882353
741367 204644 91.1764705882353


772034 204777 91.1764705882353
772167 204644 91.1764705882353


741234 1838392 91.1764705882353
741367 1838259 91.1764705882353


772034 1838392 91.1764705882353
772167 1838259 91.1764705882353


543024 767822 91.2280701754386
543137 767710 91.2280701754386


767710 543137 91.2280701754386
767822 543024 91.2280701754386


574122 879822 91.2296841459675
577378 876573 91.2296841459675


876573 577378 91.2296841459675
879822 574122 91.2296841459675


672930 678821 91.2776412776413
673741 678010 91.2776412776413


678010 673741 91.2776412776413
678821 672930 91.2776412776413


876520 605717 91.3323572474378
879903 602310 91.3323572474378


602310 879903 91.3323572474378
605717 876520 91.3323572474378


876520 636016 91.3428943937418
880323 632189 91.3428943937418


632189 880323 91.3428943937418
636016 876520 91.3428943937418


574060 697985 91.3532721350311
577431 694643 91.3532721350311


574060 69981 91.3532721350311
577431 66639 91.3532721350311


66639 577431 91.3532721350311
69981 574060 91.3532721350311


694643 577431 91.3532721350311
697985 574060 91.3532721350311


250450 264631 91.3934426229508
250690 264390 91.3934426229508


251838 266019 91.3934426229508
252079 265779 91.3934426229508


264390 250690 91.3934426229508
264631 250450 91.3934426229508


265779 252079 91.3934426229508
266019 251838 91.3934426229508


570864 883030 91.4990859232175
571956 881937 91.4990859232175


570864 852379 91.4990859232175
571956 851286 91.4990859232175


601087 852379 91.4990859232175
602179 851286 91.4990859232175


601087 883030 91.4990859232175
602179 881937 91.4990859232175


851286 571956 91.4990859232175
852379 570864 91.4990859232175


851286 602179 91.4990859232175
852379 601087 91.4990859232175


881937 602179 91.4990859232175
883030 601087 91.4990859232175


881937 571956 91.4990859232175
883030 570864 91.4990859232175


855175 765863 91.5630070308275
857017 764072 91.5630070308275


885826 765863 91.5630070308275
887668 764072 91.5630070308275


764072 857017 91.6566866267465
766573 854558 91.6566866267465


764072 887668 91.6566866267465
766573 885209 91.6566866267465


542871 725537 91.6716417910448
546191 722195 91.6716417910448


722195 546191 91.6716417910448
725537 542871 91.6716417910448


797374 1856068 91.7454223272298
804129 1849326 91.7454223272298


1849326 804129 91.746641074856
1856068 797374 91.746641074856


204098 730306 91.85733512786
205574 728846 91.85733512786


1837713 730306 91.85733512786
1839189 728846 91.85733512786


728846 205574 91.8628110289173
730306 204098 91.8628110289173


728846 1839189 91.8628110289173
730306 1837713 91.8628110289173


784616 767518 91.9335705812574
785456 766679 91.9335705812574


766679 785456 91.9335705812574
767518 784616 91.9335705812574


208516 725926 91.9395465994962
208911 725530 91.9395465994962


1842131 725926 91.9395465994962
1842526 725530 91.9395465994962


725530 208911 91.9395465994962
725926 208516 91.9395465994962


725530 1842526 91.9395465994962
725926 1842131 91.9395465994962


517871 65156 92.0418848167539
518822 64202 92.0418848167539


548621 65156 92.0418848167539
549572 64202 92.0418848167539


214843 65156 92.0418848167539
215794 64202 92.0418848167539


1848458 65156 92.0418848167539
1849409 64202 92.0418848167539


64202 215794 92.0418848167539
65156 214843 92.0418848167539


64202 1849409 92.0418848167539
65156 1848458 92.0418848167539


64202 549572 92.0418848167539
65156 548621 92.0418848167539


64202 518822 92.0418848167539
65156 517871 92.0418848167539


759329 82663 92.0844752539094
765494 76489 92.0844752539094


76489 765494 92.0844752539094
82663 759329 92.0844752539094


539623 852379 92.1389396709324
540715 851286 92.1389396709324


539623 883030 92.1389396709324
540715 881937 92.1389396709324


851286 540715 92.1389396709324
852379 539623 92.1389396709324


881937 540715 92.1389396709324
883030 539623 92.1389396709324


542720 880020 92.209026128266
546879 875820 92.209026128266


875820 546879 92.209026128266
880020 542720 92.209026128266


854558 766573 92.2242314647378
855104 766021 92.2242314647378


885209 766573 92.2242314647378
885755 766021 92.2242314647378


862711 758455 92.3472448367469
874367 746816 92.3472448367469


746816 874367 92.3472448367469
758455 862711 92.3472448367469


793532 758455 92.3605877920121
804129 747869 92.3605877920121


747869 804129 92.3613073372893
758455 793532 92.3613073372893


209135 725475 92.370820668693
212413 722195 92.370820668693


1842750 725475 92.370820668693
1846028 722195 92.370820668693


722195 212413 92.370820668693
725475 209135 92.370820668693


722195 1846028 92.370820668693
725475 1842750 92.370820668693


205684 728733 92.3728813559322
206862 727555 92.3728813559322


1839299 728733 92.3728813559322
1840477 727555 92.3728813559322


727555 206862 92.3728813559322
728733 205684 92.3728813559322


727555 1840477 92.3728813559322
728733 1839299 92.3728813559322


777805 693153 92.4260181658365
784610 686340 92.4260181658365


686340 784610 92.4260181658365
693153 777805 92.4260181658365


875820 213101 92.5036746692798
879891 209068 92.5036746692798


875820 1846716 92.5036746692798
879891 1842683 92.5036746692798


209068 879891 92.5036746692798
213101 875820 92.5036746692798


1842683 879891 92.5036746692798
1846716 875820 92.5036746692798


570044 702109 92.507204610951
572118 700034 92.507204610951


570044 74105 92.507204610951
572118 72030 92.507204610951


72030 572118 92.507204610951
74105 570044 92.507204610951


700034 572118 92.507204610951
702109 570044 92.507204610951


866555 1856068 92.5644717895012
874184 1848457 92.5644717895012


1848457 874184 92.5644717895012
1856068 866555 92.5644717895012


573398 726112 92.6267281105991
573613 725897 92.6267281105991


573485 726199 92.6267281105991
573700 725984 92.6267281105991


725897 573613 92.6267281105991
726112 573398 92.6267281105991


725984 573700 92.6267281105991
726199 573485 92.6267281105991


732493 765494 92.6368480542548
738658 759329 92.6368480542548


759329 738658 92.6368480542548
765494 732493 92.6368480542548


543024 628717 92.6470588235294
543159 628585 92.6470588235294


628585 543159 92.6470588235294
628717 543024 92.6470588235294


209245 628717 92.7007299270073
209381 628585 92.7007299270073


1842860 628717 92.7007299270073
1842996 628585 92.7007299270073


628585 209381 92.7007299270073
628717 209245 92.7007299270073


628585 1842996 92.7007299270073
628717 1842860 92.7007299270073


34690 44481 92.7224901359053
36962 42236 92.7224901359053


41145 35871 92.7224901359053
43417 33626 92.7224901359053


42236 36962 92.7224901359053
44481 34690 92.7224901359053


33626 43417 92.7256792287467
35871 41145 92.7256792287467


727544 769942 92.9173693086003
728729 768757 92.9173693086003


768757 728729 92.9173693086003
769942 727544 92.9173693086003


739524 758455 93.0283224400871
739982 757997 93.0283224400871


757997 739982 93.0283224400871
758455 739524 93.0283224400871


1848458 693160 93.0424528301887
1856068 685540 93.0424528301887


685540 1856068 93.0424528301887
693160 1848458 93.0424528301887


209245 767822 93.0434782608696
209359 767710 93.0434782608696


1842860 767822 93.0434782608696
1842974 767710 93.0434782608696


767710 209359 93.0434782608696
767822 209245 93.0434782608696


767710 1842974 93.0434782608696
767822 1842860 93.0434782608696


600267 702109 93.3200398803589
602266 700109 93.3200398803589


600267 74105 93.3200398803589
602266 72105 93.3200398803589


72105 602266 93.3200398803589
74105 600267 93.3200398803589


700109 602266 93.3200398803589
702109 600267 93.3200398803589


854567 203490 93.3306386418755
857017 201022 93.3306386418755


885218 203490 93.3306386418755
887668 201022 93.3306386418755


854567 1837105 93.3306386418755
857017 1834637 93.3306386418755


885218 1837105 93.3306386418755
887668 1834637 93.3306386418755


201022 857017 93.3306386418755
203490 854567 93.3306386418755


201022 887668 93.3306386418755
203490 885218 93.3306386418755


1834637 887668 93.3306386418755
1837105 885218 93.3306386418755


1834637 857017 93.3306386418755
1837105 854567 93.3306386418755


543002 204777 93.3333333333333
543133 204644 93.3333333333333


543002 1838392 93.3333333333333
543133 1838259 93.3333333333333


204644 543133 93.3333333333333
204777 543002 93.3333333333333


1838259 543133 93.3333333333333
1838392 543002 93.3333333333333


638332 720761 93.4078643022359
648695 710410 93.4078643022359


710410 648695 93.4078643022359
720761 638332 93.4078643022359


848998 632863 93.4814814814815
849672 632189 93.4814814814815


632189 849672 93.4814814814815
632863 848998 93.4814814814815


322333 334445 93.5012185215272
323547 333216 93.5012185215272


324680 336792 93.5012185215272
325909 335578 93.5012185215272


333216 323547 93.5012185215272
334445 322333 93.5012185215272


335578 325909 93.5012185215272
336792 324680 93.5012185215272


848998 772125 93.5622317596567
849228 771893 93.5622317596567


848998 741325 93.5622317596567
849228 741093 93.5622317596567


741093 849228 93.5622317596567
741325 848998 93.5622317596567


771893 849228 93.5622317596567
772125 848998 93.5622317596567


578807 65194 93.6555891238671
579795 64202 93.6555891238671


64202 579795 93.6555891238671
65194 578807 93.6555891238671


629638 728733 93.7384898710866
630723 727648 93.7384898710866


727648 630723 93.7384898710866
728733 629638 93.7384898710866


608033 720761 93.8567975327165
620017 708810 93.8567975327165


708810 620017 93.8567975327165
720761 608033 93.8567975327165


205684 701288 94.0476190476191
206859 700113 94.0476190476191


1839299 701288 94.0476190476191
1840474 700113 94.0476190476191


205684 73284 94.0476190476191
206859 72109 94.0476190476191


1839299 73284 94.0476190476191
1840474 72109 94.0476190476191


72109 206859 94.0476190476191
73284 205684 94.0476190476191


700113 206859 94.0476190476191
701288 205684 94.0476190476191


700113 1840474 94.0476190476191
701288 1839299 94.0476190476191


72109 1840474 94.0476190476191
73284 1839299 94.0476190476191


628585 741393 94.0740740740741
628717 741259 94.0740740740741


628585 772193 94.0740740740741
628717 772059 94.0740740740741


741259 628717 94.0740740740741
741393 628585 94.0740740740741


772059 628717 94.0740740740741
772193 628585 94.0740740740741


542720 698136 94.0787582638689
546189 694673 94.0787582638689


542720 70132 94.0787582638689
546189 66669 94.0787582638689


66669 546189 94.0787582638689
70132 542720 94.0787582638689


694673 546189 94.0787582638689
698136 542720 94.0787582638689


534935 857017 94.1052631578947
536357 855598 94.1052631578947


534935 887668 94.1052631578947
536357 886249 94.1052631578947


855598 536357 94.1052631578947
857017 534935 94.1052631578947


886249 536357 94.1052631578947
887668 534935 94.1052631578947


786563 597320 94.1838755304102
804129 579712 94.1838755304102


579712 804129 94.1842045711699
597320 786563 94.1842045711699


765778 855260 94.1860465116279
765863 855175 94.1860465116279


765778 885911 94.1860465116279
765863 885826 94.1860465116279


747005 693153 94.1898954703833
758464 681687 94.1898954703833


681687 758464 94.1898954703833
693153 747005 94.1898954703833


629638 701288 94.1988950276243
630723 700203 94.1988950276243


629638 73284 94.1988950276243
630723 72199 94.1988950276243


72199 630723 94.1988950276243
73284 629638 94.1988950276243


700203 630723 94.1988950276243
701288 629638 94.1988950276243


786563 567097 94.2238062910161
804129 549489 94.2238062910161


549489 804129 94.2241330542513
567097 786563 94.2241330542513


861751 591255 94.2489959839357
874192 578836 94.2489959839357


602391 725475 94.2943854324734
605675 722202 94.2943854324734


632690 725475 94.2943854324734
635974 722202 94.2943854324734


722202 635974 94.2943854324734
725475 632690 94.2943854324734


722202 605675 94.2943854324734
725475 602391 94.2943854324734


861751 561032 94.3020171984248
874184 548620 94.3020171984248


1055 720740 94.3282583235737
12998 708810 94.3282583235737


708810 12998 94.3282583235737
720740 1055 94.3282583235737


789100 230784 94.3306462270385
804129 215711 94.3306462270385


215711 804129 94.3310208126858
230784 789100 94.3310208126858


578807 693198 94.3329397874852
592334 679657 94.3329397874852


679657 592334 94.3329397874852
693198 578807 94.3329397874852


786556 536357 94.3721719457014
804129 518739 94.3721719457014


518739 804129 94.3724902437645
536357 786556 94.3724902437645


548621 693160 94.4062153163152
562111 679657 94.4062153163152


679657 562111 94.4062153163152
693160 548621 94.4062153163152


619047 739982 94.4156362185879
626474 732500 94.4156362185879


732500 626474 94.4156362185879
739982 619047 94.4156362185879


209081 697994 94.5443645083933
212411 694673 94.5443645083933


1842696 697994 94.5443645083933
1846026 694673 94.5443645083933


209081 69990 94.5443645083933
212411 66669 94.5443645083933


1842696 69990 94.5443645083933
1846026 66669 94.5443645083933


66669 212411 94.5443645083933
69990 209081 94.5443645083933


694673 212411 94.5443645083933
697994 209081 94.5443645083933


694673 1846026 94.5443645083933
697994 1842696 94.5443645083933


66669 1846026 94.5443645083933
69990 1842696 94.5443645083933


578836 874192 94.5445948342101
595643 857286 94.5445948342101


548620 874184 94.5837275307474
565420 857286 94.5837275307474


538038 730306 94.592645998558
540802 727554 94.592645998558


727554 540802 94.5945945945946
730306 538038 94.5945945945946


786292 1836323 94.5988880063543
803812 1818759 94.5988880063543


1818759 803812 94.5991944176547
1836323 786292 94.5991944176547


861759 227247 94.724567752312
874184 214842 94.724567752312


861759 530275 94.7326095697628
874184 517870 94.7326095697628


861759 1829977 94.7359060999466
872995 1818759 94.7359060999466


542720 849369 94.8228882833787
543083 849003 94.8228882833787


849003 543083 94.8228882833787
849369 542720 94.8228882833787


214842 874184 94.8607736871613
230784 858142 94.8607736871613


893362 758455 94.8974487243622
895360 756459 94.8974487243622


756459 895360 94.8974487243622
758455 893362 94.8974487243622


517871 693160 94.9241583425823
531361 679657 94.9241583425823


