#-- reverse hits sorted by %sim
0 0 0
0 0 0


1111825 1114805 74.7967479674797
1112070 1114614 74.7967479674797


1376442 1115152 74.9425287356322
1376819 1114721 74.9425287356322


1114714 1205312 75.6052141527002
1115234 1204854 75.6052141527002


1114721 1376819 76.0919540229885
1115152 1376442 76.0919540229885


1204854 1115234 79.5159386068477
1206422 1113583 79.5159386068477


1111591 1208355 79.5159386068477
1113242 1206787 79.5159386068477


1206787 1113242 79.5508274231678
1208355 1111591 79.5508274231678


1205088 1114838 81.7638266068759
1206422 1113583 81.7638266068759


1111987 1208121 81.7638266068759
1113242 1206787 81.7638266068759


1113583 1206422 81.8385650224215
1114838 1205088 81.8385650224215


1204928 1106800 82.8087167070218
1205336 1106404 82.8087167070218


1204928 1076782 82.8087167070218
1205336 1076386 82.8087167070218


1076386 1205336 82.8087167070218
1076782 1204928 82.8087167070218


1106404 1205336 82.8087167070218
1106800 1204928 82.8087167070218


1381786 1071427 82.8282828282828
1382376 1070846 82.8282828282828


1381786 1101445 82.8282828282828
1382376 1100864 82.8282828282828


1070846 1382376 82.8282828282828
1071427 1381786 82.8282828282828


1100864 1382376 82.8282828282828
1101445 1381786 82.8282828282828


1202425 1116778 83.587786259542
1203183 1115993 83.587786259542


1115993 1203183 83.587786259542
1116778 1202425 83.587786259542


1386808 1066473 84.3023255813954
1387142 1066133 84.3023255813954


1386808 1096491 84.3023255813954
1387142 1096151 84.3023255813954


1066133 1387142 84.3023255813954
1066473 1386808 84.3023255813954


1096151 1387142 84.3023255813954
1096491 1386808 84.3023255813954


1478951 1489531 85.3080568720379
1479353 1489111 85.3080568720379


1479972 1490550 85.3080568720379
1480393 1490149 85.3080568720379


1489111 1479353 85.3080568720379
1489531 1478951 85.3080568720379


1490149 1480393 85.3080568720379
1490550 1479972 85.3080568720379


1210024 1110832 85.8895705521472
1210349 1110507 85.8895705521472


1110507 1210349 85.8895705521472
1110832 1210024 85.8895705521472


1378026 1075210 87.8523489932886
1379489 1073738 87.8523489932886


1378026 1105228 87.8523489932886
1379489 1103756 87.8523489932886


1073738 1379489 87.8523489932886
1075210 1378026 87.8523489932886


1103756 1379489 87.8523489932886
1105228 1378026 87.8523489932886


1111825 1114946 88.7096774193548
1111946 1114825 88.7096774193548


1111879 1115000 88.7096774193548
1112000 1114879 88.7096774193548


1112020 1115000 88.7096774193548
1112141 1114879 88.7096774193548


1114684 1111946 88.7096774193548
1114805 1111825 88.7096774193548


1114825 1111946 88.7096774193548
1114946 1111825 88.7096774193548


1114879 1112141 88.7096774193548
1115000 1112020 88.7096774193548


1114879 1112000 88.7096774193548
1115000 1111879 88.7096774193548


1376868 1076423 90.1345291479821
1377536 1075755 90.1345291479821


1376868 1106441 90.1345291479821
1377536 1105773 90.1345291479821


1075755 1377536 90.1345291479821
1076423 1376868 90.1345291479821


1105773 1377536 90.1345291479821
1106441 1376868 90.1345291479821


1478138 1490363 91.3480885311871
1478626 1489868 91.3480885311871


1489868 1478626 91.3480885311871
1490363 1478138 91.3480885311871


1479139 1491363 91.5492957746479
1479635 1490875 91.5492957746479


1490875 1479635 91.5492957746479
1491363 1479139 91.5492957746479


1382802 1070325 92.1775898520085
1386106 1067031 92.1775898520085


1382802 1100343 92.1775898520085
1386106 1097049 92.1775898520085


1067031 1386106 92.1775898520085
1070325 1382802 92.1775898520085


1097049 1386106 92.1775898520085
1100343 1382802 92.1775898520085


1372718 1110507 92.4753502854177
1374639 1108584 92.4753502854177


1108584 1374639 92.4753502854177
1110507 1372718 92.4753502854177


1070061 1104680 92.8104575163399
1070213 1104528 92.8104575163399


1070061 1074662 92.8104575163399
1070213 1074510 92.8104575163399


1074510 1070213 92.8104575163399
1074662 1070061 92.8104575163399


1074510 1100231 92.8104575163399
1074662 1100079 92.8104575163399


1100079 1074662 92.8104575163399
1100231 1074510 92.8104575163399


1100079 1104680 92.8104575163399
1100231 1104528 92.8104575163399


1104528 1100231 92.8104575163399
1104680 1100079 92.8104575163399


1104528 1070213 92.8104575163399
1104680 1070061 92.8104575163399


1378571 1383076 93.2515337423313
1378729 1382915 93.2515337423313


1382915 1378729 93.2515337423313
1383076 1378571 93.2515337423313


1376597 1114802 93.4959349593496
1376719 1114680 93.4959349593496


1114680 1376719 93.4959349593496
1114802 1376597 93.4959349593496


1379602 1073628 93.6170212765958
1380775 1072455 93.6170212765958


1379602 1103646 93.6170212765958
1380775 1102473 93.6170212765958


1072455 1380775 93.6170212765958
1073628 1379602 93.6170212765958


1102473 1380775 93.6170212765958
1103646 1379602 93.6170212765958


1374837 1108398 93.7958262831359
1376607 1106627 93.7958262831359


1374837 1078380 93.7958262831359
1376607 1076609 93.7958262831359


1076609 1376607 93.7958262831359
1078380 1374837 93.7958262831359


1106627 1376607 93.7958262831359
1108398 1374837 93.7958262831359


1171469 1152594 94.9726231956197
1173473 1150587 94.9726231956197


1184303 1134823 94.9726231956197
1186307 1132816 94.9726231956197


1226899 1152594 94.9726231956197
1228903 1150587 94.9726231956197


1132816 1186307 94.9726231956197
1134823 1184303 94.9726231956197


1150587 1228903 94.9726231956197
1152594 1226899 94.9726231956197


1150587 1173473 94.9726231956197
1152594 1171469 94.9726231956197


1357638 1095494 96.1936090225564
1374639 1078566 96.1936090225564


1078566 1374639 96.1936090225564
1095494 1357638 96.1936090225564


1233889 1307901 96.6224366706876
1234715 1307073 96.6224366706876


1307073 1234715 96.6224366706876
1307901 1233889 96.6224366706876


1387600 1095696 96.731004485524
1402303 1081089 96.731004485524


1081089 1402303 96.731004485524
1095696 1387600 96.731004485524


1291313 1296858 97.0117395944504
1292247 1295922 97.0117395944504


1295922 1292247 97.0117395944504
1296858 1291313 97.0117395944504


1307073 1312618 97.0117395944504
1308009 1311684 97.0117395944504


1311684 1308009 97.0117395944504
1312618 1307073 97.0117395944504


1112020 1114946 97.3958333333333
1112211 1114755 97.3958333333333


1114614 1112070 97.3958333333333
1114805 1111879 97.3958333333333


1114755 1112211 97.3958333333333
1114946 1112020 97.3958333333333


1205088 1114697 97.4025974025974
1205164 1114621 97.4025974025974


1208045 1112204 97.4025974025974
1208121 1112128 97.4025974025974


1112128 1208121 97.4025974025974
1112204 1208045 97.4025974025974


1114621 1205164 97.4025974025974
1114697 1205088 97.4025974025974


1208021 1112087 98.019801980198
1208121 1111987 98.019801980198


1387600 1065678 98.0458419042022
1394401 1058888 98.0458419042022


1058888 1394401 98.0458419042022
1065678 1387600 98.0458419042022


1162549 1161398 98.1349807669892
1171127 1152825 98.1349807669892


1217980 1161398 98.1349807669892
1226557 1152825 98.1349807669892


1152825 1226557 98.1349807669892
1161398 1217980 98.1349807669892


1152825 1171127 98.1349807669892
1161398 1162549 98.1349807669892


1186649 1132585 98.435243139143
1199110 1120125 98.435243139143


1120125 1199110 98.435243139143
1132585 1186649 98.435243139143


1357638 1065476 98.4823190165427
1364225 1058888 98.4823190165427


1058888 1364225 98.4823190165427
1065476 1357638 98.4823190165427


1294326 1318722 98.4981226533166
1295918 1317129 98.4981226533166


1317129 1295918 98.4981226533166
1318722 1294326 98.4981226533166


1239226 1295918 98.5607008760951
1240820 1294326 98.5607008760951


1294326 1240820 98.5607008760951
1295918 1239226 98.5607008760951


1285206 1309605 98.6858573216521
1286802 1308013 98.6858573216521


1308013 1286802 98.6858573216521
1309605 1285206 98.6858573216521


1195242 1217965 99.0439015832639
1217967 1195240 99.0439015832639


1195240 1217967 99.0439435137269
1217967 1195240 99.0439435137269


1336881 1344927 99.4427898933615
1357638 1324159 99.4427898933615


1336878 1344930 99.4428701791461
1357638 1324159 99.4428701791461


1197780 1215427 99.4462025316456
1217965 1195242 99.4462025316456


1336901 1267025 99.5576285041112
1357638 1246257 99.5576285041112


1336884 1267042 99.5579898145479
1357638 1246257 99.5579898145479


1324159 1357638 99.6005008645877
1357638 1324159 99.6005008645877


1324159 1357638 99.6005008645877
1357638 1324159 99.6005008645877


1324852 1356947 99.6407039766153
1357638 1324159 99.6407039766153


1341233 1340598 99.653474375342
1357638 1324159 99.653474375342


1341232 1262696 99.6595537722658
1357638 1246257 99.6595537722658


1258999 1344907 99.6900742190686
1283494 1320434 99.6900742190686


1258982 1344924 99.6902889278292
1283494 1320434 99.6902889278292


1179321 1233889 99.7218358831711
1193683 1219524 99.7218358831711


1219524 1193683 99.7218358831711
1233889 1179321 99.7218358831711


1179321 1233889 99.7218552256449
1193684 1219523 99.7218552256449


1219523 1193684 99.7218552256449
1233889 1179321 99.7218552256449


1324159 1357638 99.7434214451936
1357638 1324159 99.7434214451936


1320434 1283494 99.7477593516879
1357638 1246257 99.7477593516879


1320432 1283496 99.7477728882688
1357638 1246257 99.7477728882688


1242530 1283496 99.7513165593915
1283494 1242532 99.7513165593915


1324852 1279076 99.7564020584026
1357638 1246257 99.7564020584026


1246950 1279076 99.7594905572713
1283494 1242532 99.7594905572713


1164093 1193683 99.8244192328471
1193683 1164093 99.8244192328471


1164093 1193683 99.8244192328471
1193683 1164093 99.8244192328471


1242532 1283494 99.8341422961536
1283496 1242530 99.8341422961536


1173551 1184225 99.8610145934677
1193683 1164093 99.8610145934677


1246257 1357638 99.8672050246747
1357638 1246257 99.8672050246747


1246257 1357638 99.8672050246747
1357638 1246257 99.8672050246747


1246950 1356947 99.8808126410835
1357638 1246257 99.8808126410835


1246257 1357638 99.9102543392027
1357638 1246257 99.9102543392027


1263335 1340593 99.9107629765505
1283496 1320432 99.9107629765505


1179321 1233889 99.9303748763238
1233889 1179321 99.9303748763238


1453196 1516302 99.9524699768687
1516302 1453196 99.9524699768687


1124008 1161398 99.9625648430397
1161398 1124008 99.9625648430397


1110507 1116318 99.9655884377151
1116318 1110507 99.9655884377151


1233889 1292139 99.9828343861576
1292139 1233889 99.9828343861576


91761 152047 99.9834140516155
152047 91761 99.9834140516155


1161398 1196378 99.9885655479961
1196378 1161398 99.9885655479961


1402305 1459689 99.9895448525824
1459689 1402305 99.9895448525824


1 91395 99.9912468817016
91395 1 99.9912468817016


979491 91761 100
1008990 62262 100


62262 1008990 100
91761 979491 100


