#-- forward hits sorted by %sim
0 0 0
0 0 0


1101882 84952 81.8579234972678
1102795 85847 81.8579234972678


1101882 115174 81.8579234972678
1102795 116069 81.8579234972678


84952 1101882 81.8579234972678
85847 1102795 81.8579234972678


115174 1101882 81.8579234972678
116069 1102795 81.8579234972678


1109326 84879 81.9838056680162
1110312 85847 81.9838056680162


1109326 115101 81.9838056680162
1110312 116069 81.9838056680162


1116843 84879 81.9838056680162
1117829 85847 81.9838056680162


1116843 115101 81.9838056680162
1117829 116069 81.9838056680162


84879 1109326 81.9838056680162
85847 1110312 81.9838056680162


84879 1116843 81.9838056680162
85847 1117829 81.9838056680162


115101 1109326 81.9838056680162
116069 1110312 81.9838056680162


115101 1116843 81.9838056680162
116069 1117829 81.9838056680162


1109326 19503 82.2874493927125
1110312 20471 82.2874493927125


1109326 50247 82.2874493927125
1110312 51215 82.2874493927125


1116843 19503 82.2874493927125
1117829 20471 82.2874493927125


1116843 50247 82.2874493927125
1117829 51215 82.2874493927125


19503 1109326 82.2874493927125
20471 1110312 82.2874493927125


19503 1116843 82.2874493927125
20471 1117829 82.2874493927125


50247 1109326 82.2874493927125
51215 1110312 82.2874493927125


50247 1116843 82.2874493927125
51215 1117829 82.2874493927125


1101882 19576 82.2950819672131
1102795 20471 82.2950819672131


1101882 50320 82.2950819672131
1102795 51215 82.2950819672131


19576 1101882 82.2950819672131
20471 1102795 82.2950819672131


50320 1101882 82.2950819672131
51215 1102795 82.2950819672131


1055824 1083786 82.3479005998286
1056984 1084945 82.3479005998286


1055824 1057289 82.3479005998286
1056984 1058448 82.3479005998286


1057289 1055824 82.3479005998286
1058448 1056984 82.3479005998286


1057289 1082321 82.3479005998286
1058448 1083481 82.3479005998286


1082321 1057289 82.3479005998286
1083481 1058448 82.3479005998286


1082321 1083786 82.3479005998286
1083481 1084945 82.3479005998286


1083786 1082321 82.3479005998286
1084945 1083481 82.3479005998286


1083786 1055824 82.3479005998286
1084945 1056984 82.3479005998286


198274 198175 86.1198738170347
198587 198488 86.1198738170347


198175 198274 88.9473684210526
198364 198460 88.9473684210526


22109 87412 89.1800507185123
23244 88574 89.1800507185123


22109 117634 89.1800507185123
23244 118796 89.1800507185123


52853 117634 89.1800507185123
53988 118796 89.1800507185123


52853 87412 89.1800507185123
53988 88574 89.1800507185123


87412 22109 89.1800507185123
88574 23244 89.1800507185123


87412 52853 89.1800507185123
88574 53988 89.1800507185123


117634 52853 89.1800507185123
118796 53988 89.1800507185123


117634 22109 89.1800507185123
118796 23244 89.1800507185123


13364 108993 91.6392953120334
16684 112334 91.6392953120334


13364 78771 91.6392953120334
16684 82112 91.6392953120334


44108 78771 91.6392953120334
47428 82112 91.6392953120334


44108 108993 91.6392953120334
47428 112334 91.6392953120334


78771 44108 91.6392953120334
82112 47428 91.6392953120334


78771 13364 91.6392953120334
82112 16684 91.6392953120334


108993 13364 91.6392953120334
112334 16684 91.6392953120334


108993 44108 91.6392953120334
112334 47428 91.6392953120334


82472 112781 92.6267281105991
82687 112996 92.6267281105991


82472 82559 92.6267281105991
82687 82774 92.6267281105991


82559 82472 92.6267281105991
82774 82687 92.6267281105991


82559 112694 92.6267281105991
82774 112909 92.6267281105991


112694 112781 92.6267281105991
112909 112996 92.6267281105991


112694 82559 92.6267281105991
112909 82774 92.6267281105991


112781 82472 92.6267281105991
112996 82687 92.6267281105991


112781 112694 92.6267281105991
112996 112909 92.6267281105991


18753 114351 94.5565969718818
21517 117103 94.5565969718818


18753 84129 94.5565969718818
21517 86881 94.5565969718818


49497 84129 94.5565969718818
52261 86881 94.5565969718818


49497 114351 94.5565969718818
52261 117103 94.5565969718818


84129 49497 94.5585585585586
86881 52261 94.5585585585586


84129 18753 94.5585585585586
86881 21517 94.5585585585586


114351 49497 94.5585585585586
117103 52261 94.5585585585586


114351 18753 94.5585585585586
117103 21517 94.5585585585586


837019 837110 95.2380952380952
837098 837193 95.2380952380952


837110 837019 95.2380952380952
837193 837098 95.2380952380952


486073 486130 96.7213114754098
486313 486373 96.7213114754098


486130 486073 96.7213114754098
486373 486313 96.7213114754098


830015 830176 97.5155279503106
830174 830336 97.5155279503106


830176 830015 97.5155279503106
830336 830174 97.5155279503106


88011 88065 97.8571428571428
88150 88204 97.8571428571428


88011 118287 97.8571428571428
88150 118426 97.8571428571428


88065 88011 97.8571428571428
88204 88150 97.8571428571428


88065 118233 97.8571428571428
88204 118372 97.8571428571428


118233 88065 97.8571428571428
118372 88204 97.8571428571428


118233 118287 97.8571428571428
118372 118426 97.8571428571428


118287 88011 97.8571428571428
118426 88150 97.8571428571428


118287 118233 97.8571428571428
118426 118372 97.8571428571428


2713 69108 98.0382600219325
10919 77313 98.0382600219325


69108 2713 98.0382600219325
77313 10919 98.0382600219325


33457 69108 98.0748141830145
41663 77313 98.0748141830145


69108 33457 98.0748141830145
77313 41663 98.0748141830145


23191 89068 98.3381150868836
41663 107535 98.3381150868836


89068 23191 98.3381150868836
107535 41663 98.3381150868836


1 96618 98.4980309552157
10919 107535 98.4980309552157


96618 1 98.4980309552157
107535 10919 98.4980309552157


23191 119290 98.5689876121316
27872 123968 98.5689876121316


53935 119290 98.5689876121316
58616 123968 98.5689876121316


119290 53935 98.5689876121316
123968 58616 98.5689876121316


119290 23191 98.5689876121316
123968 27872 98.5689876121316


53935 89068 98.6621853169896
69108 104237 98.6621853169896


89068 53935 98.6621853169896
104237 69108 98.6621853169896


64201 69108 98.8997555012225
69108 74015 98.8997555012225


69108 64201 98.8997555012225
74015 69108 98.8997555012225


198175 198241 99.1686805219913
208519 208519 99.1686805219913


198241 198175 99.2233582383012
208346 208346 99.2233582383012


894673 1103695 99.5
894872 1103894 99.5


894673 1111212 99.5
894872 1111411 99.5


1103695 894673 99.5
1103894 894872 99.5


1111212 894673 99.5
1111411 894872 99.5


740192 1105020 99.5133819951338
740602 1105430 99.5133819951338


740192 1112537 99.5133819951338
740602 1112947 99.5133819951338


1105020 740192 99.5133819951338
1105430 740602 99.5133819951338


1112537 740192 99.5133819951338
1112947 740602 99.5133819951338


188211 188211 99.5232243794544
208519 208519 99.5232243794544


602747 605992 99.622641509434
605926 609171 99.622641509434


605992 602747 99.622641509434
609171 605926 99.622641509434


1 61488 99.9868783624196
7620 69108 99.9868783624196


61488 1 99.9868783624196
69108 7620 99.9868783624196


1 30744 99.9895738303141
38364 69108 99.9895738303141


30744 1 99.9895738303141
69108 38364 99.9895738303141


1063388 1089885 99.9916652775463
1075384 1101882 99.9916652775463


1089885 1063388 99.9916652775463
1101882 1075384 99.9916652775463


69108 69108 100
123968 123968 100


1 1 100
69108 69108 100


1053398 1053398 100
1101882 1101882 100


1101882 1101882 100
1117844 1117844 100


123968 123968 100
1053398 1053398 100


560895 562032 100
562057 563194 100


562032 560895 100
563194 562057 100


