#-- reverse hits sorted by %sim
0 0 0
0 0 0


726242 503459 78.9173789173789
726939 502762 78.9173789173789


726242 429618 78.9173789173789
726939 428921 78.9173789173789


746793 475523 78.9173789173789
747490 474826 78.9173789173789


428921 726939 78.9173789173789
429618 726242 78.9173789173789


502762 726939 78.9173789173789
503459 726242 78.9173789173789


474826 747490 78.9473684210526
475523 746793 78.9473684210526


42733 186446 80.3964757709251
43182 185997 80.3964757709251


42733 217246 80.3964757709251
43182 216797 80.3964757709251


185997 43182 80.3964757709251
186446 42733 80.3964757709251


216797 43182 80.3964757709251
217246 42733 80.3964757709251


117126 366132 81.283422459893
118225 365015 81.283422459893


117126 356746 81.283422459893
118225 355629 81.283422459893


355629 118225 81.283422459893
356746 117126 81.283422459893


365015 118225 81.283422459893
366132 117126 81.283422459893


712164 487866 81.3370473537605
713236 486797 81.3370473537605


486797 713236 81.3370473537605
487866 712164 81.3370473537605


355629 338464 81.5672306322351
356746 337365 81.5672306322351


365015 338464 81.5672306322351
366132 337365 81.5672306322351


337365 366132 81.5672306322351
338464 365015 81.5672306322351


337365 356746 81.5672306322351
338464 355629 81.5672306322351


355657 151175 82.051282051282
356746 150104 82.051282051282


365043 151175 82.051282051282
366132 150104 82.051282051282


150104 366132 82.051282051282
151175 365043 82.051282051282


150104 356746 82.051282051282
151175 355657 82.051282051282


1755145 1770034 82.1969696969697
1755912 1769317 82.1969696969697


1759661 1774550 82.1969696969697
1760378 1773783 82.1969696969697


1773783 1760378 82.1969696969697
1774550 1759661 82.1969696969697


1769317 1755912 82.4396782841823
1769988 1755185 82.4396782841823


32659 340382 83.2446808510638
33018 340007 83.2446808510638


340007 33018 83.2446808510638
340382 32659 83.2446808510638


592192 600487 83.3746898263027
592591 600088 83.3746898263027


600088 592591 83.3746898263027
600487 592192 83.3746898263027


599372 174414 83.993399339934
599974 173817 83.993399339934


173817 599974 83.993399339934
174414 599372 83.993399339934


42166 187067 84.1432225063939
42544 186677 84.1432225063939


42166 217867 84.1432225063939
42544 217477 84.1432225063939


186677 42544 84.1432225063939
187067 42166 84.1432225063939


217477 42544 84.1432225063939
217867 42166 84.1432225063939


43061 398505 84.1688654353562
43430 398128 84.1688654353562


43061 329827 84.1688654353562
43430 329450 84.1688654353562


398128 43430 84.2105263157895
398505 43061 84.2105263157895


329450 43430 84.2105263157895
329827 43061 84.2105263157895


599058 372236 84.5864661654135
599322 371972 84.5864661654135


599058 362850 84.5864661654135
599322 362586 84.5864661654135


362586 599322 84.5864661654135
362850 599058 84.5864661654135


371972 599322 84.5864661654135
372236 599058 84.5864661654135


1766403 1761003 84.7503373819163
1769326 1758314 84.7503373819163


1768692 1763292 84.7503373819163
1771381 1760369 84.7503373819163


724802 431058 84.7826086956522
725692 430142 84.7826086956522


724802 504899 84.7826086956522
725692 503983 84.7826086956522


748040 474302 84.7826086956522
748930 473386 84.7826086956522


430142 725692 84.7826086956522
431058 724802 84.7826086956522


473386 748930 84.7826086956522
474302 748040 84.7826086956522


503983 725692 84.7826086956522
504899 724802 84.7826086956522


1758314 1769326 85.0050658561297
1761003 1766403 85.0050658561297


1760369 1771381 85.0050658561297
1763292 1768692 85.0050658561297


1755145 1771696 85.1288056206089
1757640 1769319 85.1288056206089


1757999 1774550 85.1288056206089
1760376 1772055 85.1288056206089


1769319 1757640 85.1288056206089
1771696 1755145 85.1288056206089


1772055 1760376 85.1288056206089
1774550 1757999 85.1288056206089


600895 218609 85.1449275362319
601436 218059 85.1449275362319


600895 187809 85.1449275362319
601436 187259 85.1449275362319


187259 601436 85.1449275362319
187809 600895 85.1449275362319


218059 601436 85.1449275362319
218609 600895 85.1449275362319


1758886 1769333 85.1581508515815
1760376 1767705 85.1581508515815


1760362 1770809 85.1581508515815
1761990 1769319 85.1581508515815


1767705 1760376 85.1581508515815
1769333 1758886 85.1581508515815


1769319 1761990 85.1581508515815
1770809 1760362 85.1581508515815


235093 247573 85.781990521327
235495 247152 85.781990521327


236113 248593 85.781990521327
236534 248192 85.781990521327


247152 235495 85.781990521327
247573 235093 85.781990521327


248192 236534 85.781990521327
248593 236113 85.781990521327


738034 3670 85.8880778588808
738444 3265 85.8880778588808


615800 738444 85.8880778588808
616205 738034 85.8880778588808


686234 735699 85.8880778588808
686639 735289 85.8880778588808


693523 738444 85.8880778588808
693928 738034 85.8880778588808


765607 735699 85.8880778588808
766012 735289 85.8880778588808


772896 738444 85.8880778588808
773301 738034 85.8880778588808


3265 738444 85.8880778588808
3670 738034 85.8880778588808


735289 766012 85.8880778588808
735699 765607 85.8880778588808


738034 773301 85.8880778588808
738444 772896 85.8880778588808


735289 686639 85.8880778588808
735699 686234 85.8880778588808


738034 693928 85.8880778588808
738444 693523 85.8880778588808


738034 616205 85.8880778588808
738444 615800 85.8880778588808


37518 191905 85.952380952381
37936 191489 85.952380952381


191489 37936 85.952380952381
191905 37518 85.952380952381


1755145 1772260 86.2090880203368
1758219 1769322 86.2090880203368


1757435 1774550 86.2090880203368
1760373 1771476 86.2090880203368


1769322 1758219 86.2090880203368
1772260 1755145 86.2090880203368


1771476 1760373 86.2090880203368
1774550 1757435 86.2090880203368


1755145 1770592 86.2371888726208
1756492 1769322 86.2371888726208


1759103 1774550 86.2371888726208
1760373 1773203 86.2371888726208


1769322 1756492 86.2371888726208
1770592 1755145 86.2371888726208


1773203 1760373 86.2371888726208
1774550 1759103 86.2371888726208


434876 486507 86.3057324840764
435188 486195 86.3057324840764


469256 492090 86.3057324840764
469568 491778 86.3057324840764


486195 435188 86.3057324840764
486507 434876 86.3057324840764


486195 509029 86.3057324840764
486507 508717 86.3057324840764


491778 469568 86.3057324840764
492090 469256 86.3057324840764


508717 486507 86.3057324840764
509029 486195 86.3057324840764


733604 5413 86.3509749303621
734318 4702 86.3509749303621


617237 734318 86.3509749303621
617948 733604 86.3509749303621


684491 740129 86.3509749303621
685202 739415 86.3509749303621


694960 734318 86.3509749303621
695671 733604 86.3509749303621


763864 740129 86.3509749303621
764575 739415 86.3509749303621


774333 734318 86.3509749303621
775044 733604 86.3509749303621


4702 734318 86.3509749303621
5413 733604 86.3509749303621


733604 775044 86.3509749303621
734318 774333 86.3509749303621


739415 764575 86.3509749303621
740129 763864 86.3509749303621


733604 695671 86.3509749303621
734318 694960 86.3509749303621


733604 617948 86.3509749303621
734318 617237 86.3509749303621


739415 685202 86.3509749303621
740129 684491 86.3509749303621


1755145 1771099 86.4379736737136
1760016 1766403 86.4379736737136


1758596 1774550 86.4379736737136
1763292 1769679 86.4379736737136


1766403 1760016 86.4379736737136
1771099 1755145 86.4379736737136


1769679 1763292 86.4379736737136
1774550 1758596 86.4379736737136


119718 591464 86.5217391304348
120406 590791 86.5217391304348


713498 486536 86.6300366300366
714042 485992 86.6300366300366


485992 714042 86.6300366300366
486536 713498 86.6300366300366


591135 340382 86.6666666666667
591448 340053 86.6666666666667


340053 591448 86.6666666666667
340382 591135 86.6666666666667


1755145 1773987 86.7101508357114
1759871 1769317 86.7101508357114


1755708 1774550 86.7101508357114
1760378 1769824 86.7101508357114


1769317 1759871 86.7101508357114
1773987 1755145 86.7101508357114


1769824 1760378 86.7101508357114
1774550 1755708 86.7101508357114


34103 38612 86.7724867724868
34288 38431 86.7724867724868


32659 153061 86.968085106383
33018 152686 86.968085106383


152686 33018 86.968085106383
153061 32659 86.968085106383


591135 153061 87.0689655172414
591466 152714 87.0689655172414


152714 591466 87.0689655172414
153061 591135 87.0689655172414


1766553 1760376 87.1161313095658
1769333 1757719 87.1161313095658


1769319 1763142 87.1161313095658
1771976 1760362 87.1161313095658


592087 152161 87.1527777777778
592374 151874 87.1527777777778


151874 592374 87.1527777777778
152161 592087 87.1527777777778


714347 485685 87.1720116618076
714689 485343 87.1720116618076


485343 714689 87.1720116618076
485685 714347 87.1720116618076


713336 469760 87.2047244094488
713841 469253 87.2047244094488


469253 713841 87.2047244094488
469760 713336 87.2047244094488


356263 194206 87.2651356993737
356740 193729 87.2651356993737


365649 194206 87.2651356993737
366126 193729 87.2651356993737


193729 356740 87.2651356993737
194206 356263 87.2651356993737


193729 366126 87.2651356993737
194206 365649 87.2651356993737


118493 147186 87.292817679558
118670 147009 87.292817679558


147009 118670 87.292817679558
147186 118493 87.292817679558


33586 119191 87.3048200950441
35053 117731 87.3048200950441


117731 35053 87.3048200950441
119191 33586 87.3048200950441


1759392 1769322 87.4528301886792
1760373 1768275 87.4528301886792


1760373 1770303 87.4528301886792
1761420 1769322 87.4528301886792


590883 120314 87.4581939799331
591464 119718 87.4581939799331


356263 406687 87.4739039665971
356740 406210 87.4739039665971


356263 375802 87.4739039665971
356740 375325 87.4739039665971


365649 406687 87.4739039665971
366126 406210 87.4739039665971


365649 375802 87.4739039665971
366126 375325 87.4739039665971


375325 366126 87.4739039665971
375802 365649 87.4739039665971


375325 356740 87.4739039665971
375802 356263 87.4739039665971


406210 366126 87.4739039665971
406687 365649 87.4739039665971


406210 356740 87.4739039665971
406687 356263 87.4739039665971


33141 339887 87.6097057305111
35053 337970 87.6097057305111


337970 35053 87.6097057305111
339887 33141 87.6097057305111


117731 593521 87.7966101694915
119191 592061 87.7966101694915


592061 119191 87.8048780487805
593521 117731 87.8048780487805


1755145 1772833 87.8592532903572
1758804 1769319 87.8592532903572


1756862 1774550 87.8592532903572
1760376 1770891 87.8592532903572


1769319 1758804 87.8592532903572
1772833 1755145 87.8592532903572


1770891 1760376 87.8592532903572
1774550 1756862 87.8592532903572


1766401 1762145 88.0379532361911
1769322 1759392 88.0379532361911


1767550 1763294 88.0379532361911
1770303 1760373 88.0379532361911


32401 120320 88.0434782608696
33028 119678 88.0434782608696


119678 33028 88.0434782608696
120320 32401 88.0434782608696


591610 339893 88.1981981981982
592710 338787 88.1981981981982


338787 592710 88.1981981981982
339893 591610 88.1981981981982


596743 34288 88.3597883597884
596924 34103 88.3597883597884


34103 596924 88.3597883597884
34288 596743 88.3597883597884


597685 220812 88.3710801393728
599974 218542 88.3710801393728


218542 599974 88.3710801393728
220812 597685 88.3710801393728


89620 591306 88.5338345864662
90150 590791 88.5338345864662


114084 118670 88.5869565217391
114267 118493 88.5869565217391


118493 114267 88.5869565217391
118670 114084 88.5869565217391


118493 403185 88.6486486486487
118670 403003 88.6486486486487


403003 118670 88.6486486486487
403185 118493 88.6486486486487


1757719 1769333 88.6914378029079
1760084 1766902 88.6914378029079


1760362 1771976 88.6914378029079
1762793 1769611 88.6914378029079


118493 190958 88.9502762430939
118670 190779 88.9502762430939


190779 118670 88.9502762430939
190958 118493 88.9502762430939


338765 403161 89.1304347826087
338896 403025 89.1304347826087


403025 338896 89.1304347826087
403161 338765 89.1304347826087


1766401 1759454 89.1558224891558
1769333 1756574 89.1558224891558


1770241 1763294 89.1558224891558
1773121 1760362 89.1558224891558


1743370 803651 89.1566265060241
1743534 803490 89.1566265060241


1786161 818385 89.1566265060241
1786325 818224 89.1566265060241


1801214 803651 89.1566265060241
1801378 803490 89.1566265060241


803490 1801378 89.1566265060241
803651 1801214 89.1566265060241


803490 1743534 89.1566265060241
803651 1743370 89.1566265060241


818224 1786325 89.1566265060241
818385 1786161 89.1566265060241


590883 196978 89.1797556719023
591448 196407 89.1797556719023


196407 591448 89.1797556719023
196978 590883 89.1797556719023


40933 174522 89.2608089260809
41644 173816 89.2608089260809


173816 41644 89.2608089260809
174522 40933 89.2608089260809


1756574 1769333 89.3787575150301
1759454 1766401 89.3787575150301


1760362 1773121 89.3787575150301
1763294 1770241 89.3787575150301


1755605 1764623 89.3864013266998
1756192 1764039 89.3864013266998


1764039 1756192 89.3864013266998
1764623 1755605 89.3864013266998


1765072 1774090 89.3864013266998
1765656 1773503 89.3864013266998


1773503 1765656 89.3864013266998
1774090 1765072 89.3864013266998


2957 1782968 89.4067796610169
3191 1782733 89.4067796610169


615492 1782968 89.4067796610169
615726 1782733 89.4067796610169


686713 1746962 89.4067796610169
686947 1746727 89.4067796610169


686713 1804806 89.4067796610169
686947 1804571 89.4067796610169


693215 1782968 89.4067796610169
693449 1782733 89.4067796610169


766086 1804806 89.4067796610169
766320 1804571 89.4067796610169


766086 1746962 89.4067796610169
766320 1746727 89.4067796610169


772588 1782968 89.4067796610169
772822 1782733 89.4067796610169


1782733 3191 89.4067796610169
1782968 2957 89.4067796610169


1746727 766320 89.4067796610169
1746962 766086 89.4067796610169


1782733 772822 89.4067796610169
1782968 772588 89.4067796610169


1804571 766320 89.4067796610169
1804806 766086 89.4067796610169


1746727 686947 89.4067796610169
1746962 686713 89.4067796610169


1782733 615726 89.4067796610169
1782968 615492 89.4067796610169


1782733 693449 89.4067796610169
1782968 693215 89.4067796610169


1804571 686947 89.4067796610169
1804806 686713 89.4067796610169


32401 90064 89.4618834080718
32830 89620 89.4618834080718


89620 32830 89.4618834080718
90064 32401 89.4618834080718


1769322 1759302 89.484927605032
1773378 1755175 89.484927605032


1770393 1760373 89.484927605032
1774520 1756317 89.484927605032


1755175 1773378 89.5798718253026
1759302 1769322 89.5798718253026


1756317 1774520 89.5798718253026
1760373 1770393 89.5798718253026


590845 378626 89.6428571428572
594714 374728 89.6428571428572


374728 594714 89.6428571428572
378626 590845 89.6428571428572


590845 409511 89.6683673469388
594714 405613 89.6683673469388


405613 594714 89.6683673469388
409511 590845 89.6683673469388


1755145 1764526 89.7177419354839
1755619 1764039 89.7177419354839


1765169 1774550 89.7177419354839
1765656 1774076 89.7177419354839


1774076 1765656 89.7177419354839
1774550 1765169 89.7177419354839


714600 434575 89.9197592778335
716579 432591 89.9197592778335


714600 508416 89.9197592778335
716579 506432 89.9197592778335


432591 716579 89.9197592778335
434575 714600 89.9197592778335


506432 716579 89.9197592778335
508416 714600 89.9197592778335


590883 90058 90.2272727272727
591306 89620 90.2272727272727


713153 509211 90.2298850574713
713325 509039 90.2298850574713


713153 435370 90.2298850574713
713325 435198 90.2298850574713


435198 713325 90.2298850574713
435370 713153 90.2298850574713


509039 713325 90.2298850574713
509211 713153 90.2298850574713


1766403 1756063 90.2665121668598
1767248 1755222 90.2665121668598


1755177 1767293 90.3083700440529
1756063 1766403 90.3083700440529


1762402 1774518 90.3083700440529
1763292 1773632 90.3083700440529


56452 203604 90.366562360304
60897 199167 90.366562360304


199167 60897 90.366562360304
203604 56452 90.366562360304


338765 190934 90.3703703703704
338896 190801 90.3703703703704


190801 338896 90.3703703703704
190934 338765 90.3703703703704


25795 203613 90.3880463871543
30250 199167 90.3880463871543


199167 30250 90.3880463871543
203613 25795 90.3880463871543


147027 151642 90.4109589041096
147172 151497 90.4109589041096


151497 147172 90.4109589041096
151642 147027 90.4109589041096


1760063 1769158 90.4458598726115
1760373 1768845 90.4458598726115


1760537 1769632 90.4458598726115
1760850 1769322 90.4458598726115


1768845 1760373 90.4458598726115
1769158 1760063 90.4458598726115


1769322 1760850 90.4458598726115
1769632 1760537 90.4458598726115


34342 151418 90.5367231638418
35044 150718 90.5367231638418


150718 35044 90.5367231638418
151418 34342 90.5367231638418


1755145 1767913 90.5844155844156
1756647 1766401 90.5844155844156


1761782 1774550 90.5844155844156
1763294 1773048 90.5844155844156


1773048 1763294 90.5844155844156
1774550 1761782 90.5844155844156


1762244 1764637 90.6451612903226
1762854 1764039 90.6451612903226


1764039 1762854 90.6451612903226
1764637 1762244 90.6451612903226


1765058 1767451 90.6451612903226
1765656 1766841 90.6451612903226


1766841 1765656 90.6451612903226
1767451 1765058 90.6451612903226


114102 195258 90.6779661016949
114218 195146 90.6779661016949


195146 114218 90.6779661016949
195258 114102 90.6779661016949


1764039 1755619 90.6873614190687
1764481 1755184 90.6873614190687


1760537 1764628 90.6976744186046
1761126 1764039 90.6976744186046


1764039 1761126 90.6976744186046
1764628 1760537 90.6976744186046


1765067 1769158 90.6976744186046
1765656 1768569 90.6976744186046


1768569 1765656 90.6976744186046
1769158 1765067 90.6976744186046


584387 203550 90.8225905463474
590876 197105 90.8225905463474


197105 590876 90.8225905463474
203550 584387 90.8225905463474


596626 191075 90.8549299970211
599974 187742 90.8549299970211


187742 599974 90.8549299970211
191075 596626 90.8549299970211


355223 358289 90.9090909090909
355395 358114 90.9090909090909


355223 367675 90.9090909090909
355395 367500 90.9090909090909


358114 355395 90.9090909090909
358289 355223 90.9090909090909


367500 355395 90.9090909090909
367675 355223 90.9090909090909


1755145 1768486 90.9090909090909
1757217 1766403 90.9090909090909


1761209 1774550 90.9090909090909
1763292 1772478 90.9090909090909


1772478 1763292 90.9090909090909
1774550 1761209 90.9090909090909


1756755 1764630 90.9390444810544
1757346 1764039 90.9390444810544


1764039 1757346 90.9390444810544
1764630 1756755 90.9390444810544


1765065 1772940 90.9390444810544
1765656 1772349 90.9390444810544


1772349 1765656 90.9390444810544
1772940 1765065 90.9390444810544


33141 377842 90.9467644246095
36254 374721 90.9467644246095


33141 408727 90.9467644246095
36254 405606 90.9467644246095


374721 36254 90.9467644246095
377842 33141 90.9467644246095


405606 36254 90.9467644246095
408727 33141 90.9467644246095


596614 403312 91.0421021200358
599950 399991 91.0421021200358


399991 599950 91.0421021200358
403312 596614 91.0421021200358


596182 147747 91.0526315789474
599974 143979 91.0526315789474


143979 599974 91.0526315789474
147747 596182 91.0526315789474


1759561 1764623 91.0614525139665
1760084 1764100 91.0614525139665


1764100 1760084 91.0614525139665
1764623 1759561 91.0614525139665


1765072 1770134 91.0614525139665
1765595 1769611 91.0614525139665


1769611 1765595 91.0614525139665
1770134 1765072 91.0614525139665


1766401 1756647 91.0977242302544
1767867 1755185 91.0977242302544


651016 452428 91.1057692307692
651429 452017 91.1057692307692


452017 651429 91.1057692307692
452428 651016 91.1057692307692


118493 334502 91.1111111111111
118670 334325 91.1111111111111


334325 118670 91.1111111111111
334502 118493 91.1111111111111


592816 151417 91.1554921540656
593512 150718 91.1554921540656


150718 593512 91.1554921540656
151417 592816 91.1554921540656


190801 376851 91.1764705882353
190934 376718 91.1764705882353


190801 407736 91.1764705882353
190934 407603 91.1764705882353


376718 190934 91.1764705882353
376851 190801 91.1764705882353


407603 190934 91.1764705882353
407736 190801 91.1764705882353


33093 196299 91.1939830774052
36256 193123 91.1939830774052


193123 36256 91.1939830774052
196299 33093 91.1939830774052


334343 195258 91.2280701754386
334456 195146 91.2280701754386


195146 334456 91.2280701754386
195258 334343 91.2280701754386


38371 114327 91.2296841459675
41620 111071 91.2296841459675


111071 41620 91.2296841459675
114327 38371 91.2296841459675


575705 212302 91.3026770846676
583498 204513 91.3026770846676


204513 583498 91.3026770846676
212302 575705 91.3026770846676


358114 364782 91.304347826087
358297 364602 91.304347826087


364602 367683 91.304347826087
364782 367500 91.304347826087


364602 358297 91.304347826087
364782 358114 91.304347826087


367500 364782 91.304347826087
367683 364602 91.304347826087


1755145 1769053 91.3493530499076
1757790 1766403 91.3493530499076


1760642 1774550 91.3493530499076
1763292 1771905 91.3493530499076


1771905 1763292 91.3493530499076
1774550 1760642 91.3493530499076


1743485 1787599 91.3934426229508
1743725 1787358 91.3934426229508


1785970 1800181 91.3934426229508
1786210 1799940 91.3934426229508


1787358 1801569 91.3934426229508
1787599 1801329 91.3934426229508


1787358 1743725 91.3934426229508
1787599 1743485 91.3934426229508


1799940 1786210 91.3934426229508
1800181 1785970 91.3934426229508


1801329 1787599 91.3934426229508
1801569 1787358 91.3934426229508


37360 148378 91.4046595792807
41644 143978 91.4046595792807


143978 41644 91.4046595792807
148378 37360 91.4046595792807


1756178 1764623 91.404958677686
1756776 1764039 91.404958677686


1764039 1756776 91.404958677686
1764623 1756178 91.404958677686


1765072 1773517 91.404958677686
1765656 1772919 91.404958677686


1772919 1765656 91.404958677686
1773517 1765072 91.404958677686


38685 364533 91.4739884393064
39375 363843 91.4739884393064


363843 39375 91.4739884393064
364533 38685 91.4739884393064


35163 117618 91.4990859232175
36256 116526 91.4990859232175


116526 36256 91.4990859232175
117618 35163 91.4990859232175


596222 191481 91.5178571428571
596445 191258 91.5178571428571


191258 596445 91.5178571428571
191481 596222 91.5178571428571


197105 32367 91.5630070308275
198896 30525 91.5630070308275


1755145 1766758 91.5730337078652
1755488 1766403 91.5730337078652


1762937 1774550 91.5730337078652
1763292 1774207 91.5730337078652


1774207 1763292 91.5730337078652
1774550 1762937 91.5730337078652


331313 599950 91.5828784831945
334764 596481 91.5828784831945


596481 334764 91.5852958070075
599950 331313 91.5852958070075


61172 155223 91.5909090909091
61606 154786 91.5909090909091


1755999 1769326 91.5997322623829
1758957 1766403 91.5997322623829


1760369 1773696 91.5997322623829
1763292 1770738 91.5997322623829


1766403 1758957 91.5997322623829
1769326 1755999 91.5997322623829


1770738 1763292 91.5997322623829
1773696 1760369 91.5997322623829


61172 514529 91.609977324263
61606 514091 91.609977324263


154786 61606 91.609977324263
155223 61172 91.609977324263


514091 61606 91.609977324263
514529 61172 91.609977324263


38851 373753 91.6190476190476
39375 373229 91.6190476190476


373229 39375 91.6190476190476
373753 38851 91.6190476190476


1773632 1763292 91.6452442159383
1774403 1762532 91.6452442159383


30525 198896 91.6566866267465
32984 196395 91.6566866267465


1766403 1757217 91.6624040920716
1768318 1755292 91.6624040920716


61172 380473 91.8181818181818
61606 380036 91.8181818181818


61172 411358 91.8181818181818
61606 410921 91.8181818181818


61172 198896 91.8181818181818
61606 198459 91.8181818181818


61172 342545 91.8181818181818
61606 342108 91.8181818181818


61172 92544 91.8181818181818
61606 92107 91.8181818181818


61172 122800 91.8181818181818
61606 122363 91.8181818181818


380036 61606 91.8181818181818
380473 61172 91.8181818181818


410921 61606 91.8181818181818
411358 61172 91.8181818181818


198459 61606 91.8181818181818
198896 61172 91.8181818181818


342108 61606 91.8181818181818
342545 61172 91.8181818181818


596997 364533 91.8194640338505
597704 363826 91.8194640338505


363826 597704 91.8194640338505
364533 596997 91.8194640338505


592816 338675 91.830985915493
593521 337970 91.830985915493


337970 593521 91.830985915493
338675 592816 91.830985915493


92107 61606 91.8367346938776
92544 61172 91.8367346938776


122363 61606 91.8367346938776
122800 61172 91.8367346938776


597163 373753 91.8819188191882
597704 373212 91.8819188191882


373212 597704 91.8819188191882
373753 597163 91.8819188191882


1755417 1769333 91.8829008649368
1758378 1766403 91.8829008649368


1760362 1774278 91.8829008649368
1763292 1771317 91.8829008649368


1766403 1758378 91.8829008649368
1769333 1755417 91.8829008649368


1771317 1763292 91.8829008649368
1774278 1760362 91.8829008649368


601662 216642 91.962254612857
613513 204798 91.962254612857


204798 613513 91.962254612857
216642 601662 91.962254612857


591574 196289 91.9747235387046
594716 193130 91.9747235387046


193130 594716 91.9747235387046
196289 591574 91.9747235387046


35163 337857 92.1389396709324
36256 336765 92.1389396709324


336765 36256 92.1389396709324
337857 35163 92.1389396709324


1766403 1757790 92.1653543307087
1768888 1755292 92.1653543307087


330601 42373 92.209026128266
334760 38173 92.209026128266


38173 334760 92.2108762764189
42373 330601 92.2108762764189


196395 32984 92.2242314647378
196947 32438 92.2242314647378


1757330 1764625 92.2428330522766
1757913 1764039 92.2428330522766


1764039 1757913 92.2428330522766
1764625 1757330 92.2428330522766


1765070 1772365 92.2428330522766
1765656 1771782 92.2428330522766


1771782 1765656 92.2428330522766
1772365 1765070 92.2428330522766


1760362 1768193 92.3458149779736
1762145 1766401 92.3458149779736


1761502 1769333 92.3458149779736
1763294 1767550 92.3458149779736


43826 216152 92.3472448367469
55482 204513 92.3472448367469


204513 55482 92.3472448367469
216152 43826 92.3472448367469


1760362 1767623 92.4009700889248
1761573 1766403 92.4009700889248


1762072 1769333 92.4009700889248
1763292 1768122 92.4009700889248


1766403 1761573 92.4009700889248
1767623 1760362 92.4009700889248


1768122 1763292 92.4009700889248
1769333 1762072 92.4009700889248


38302 403312 92.5036746692798
42373 399279 92.5036746692798


399279 42373 92.5036746692798
403312 38302 92.5036746692798


1760374 1768751 92.5879396984925
1762727 1766401 92.5879396984925


1760944 1769321 92.5879396984925
1763294 1766968 92.5879396984925


1766401 1762727 92.5879396984925
1768751 1760374 92.5879396984925


1766968 1763294 92.5879396984925
1769321 1760944 92.5879396984925


575705 181502 92.6121749071163
582692 174522 92.6121749071163


174522 582692 92.6121749071163
181502 575705 92.6121749071163


1759008 1764618 92.6243567753002
1759575 1764039 92.6243567753002


1764039 1759575 92.6243567753002
1764618 1759008 92.6243567753002


1765077 1770687 92.6243567753002
1765656 1770120 92.6243567753002


1770120 1765656 92.6243567753002
1770687 1765077 92.6243567753002


601662 185842 92.7721463199647
612992 174522 92.7721463199647


174522 612992 92.7721463199647
185842 601662 92.7721463199647


35163 150596 92.7787934186472
36256 149504 92.7787934186472


149504 36256 92.7787934186472
150596 35163 92.7787934186472


575705 325193 92.8053013568949
585113 315726 92.8053013568949


315726 585113 92.8053013568949
325193 575705 92.8053013568949


195146 403135 93.0434782608696
195258 403021 93.0434782608696


403021 195258 93.0434782608696
403135 195146 93.0434782608696


1758491 1764625 93.1226765799256
1759019 1764100 93.1226765799256


1764100 1759019 93.1226765799256
1764625 1758491 93.1226765799256


1765070 1771204 93.1226765799256
1765595 1770676 93.1226765799256


1770676 1765595 93.1226765799256
1771204 1765070 93.1226765799256


1760060 1766863 93.125
1760376 1766553 93.125


1762832 1769635 93.125
1763142 1769319 93.125


43826 185352 93.2872928176796
54676 174522 93.2872928176796


174522 54676 93.2872928176796
185352 43826 93.2872928176796


1766403 1755488 93.2907348242811
1766715 1755185 93.2907348242811


30525 411358 93.3306386418755
32975 408890 93.3306386418755


30525 380473 93.3306386418755
32975 378005 93.3306386418755


378005 32975 93.3306386418755
380473 30525 93.3306386418755


408890 32975 93.3306386418755
411358 30525 93.3306386418755


334347 376851 93.3333333333333
334478 376718 93.3333333333333


334347 407736 93.3333333333333
334478 407603 93.3333333333333


376718 334478 93.3333333333333
376851 334347 93.3333333333333


407603 334478 93.3333333333333
407736 334347 93.3333333333333


1762832 1764631 93.4042553191489
1763292 1764162 93.4042553191489


1764162 1763292 93.4042553191489
1764631 1762832 93.4042553191489


1765064 1766863 93.4042553191489
1765533 1766403 93.4042553191489


1766403 1765533 93.4042553191489
1766863 1765064 93.4042553191489


444993 457104 93.4199837530463
446207 455876 93.4199837530463


455876 446207 93.4199837530463
457104 444993 93.4199837530463


1761668 1764637 93.431855500821
1762272 1764039 93.431855500821


1764039 1762272 93.431855500821
1764637 1761668 93.431855500821


1765058 1768027 93.431855500821
1765656 1767423 93.431855500821


1767423 1765656 93.431855500821
1768027 1765058 93.431855500821


447340 459451 93.5012185215272
448569 458237 93.5012185215272


458237 448569 93.5012185215272
459451 447340 93.5012185215272


603909 530016 93.5232352635409
613513 520430 93.5232352635409


520430 613513 93.5232352635409
530016 603909 93.5232352635409


575705 527924 93.5353806867818
590474 513105 93.5353806867818


513105 590474 93.5353806867818
527924 575705 93.5353806867818


575705 105939 93.6633929772636
590467 91129 93.6633929772636


91129 590467 93.6633929772636
105939 575705 93.6633929772636


593631 117618 93.7384898710866
594716 116533 93.7384898710866


116533 594716 93.7384898710866
117618 593631 93.7384898710866


602325 109613 93.7505579858941
613513 98438 93.7505579858941


98438 613513 93.7505579858941
109613 602325 93.7505579858941


21131 134707 93.7641723356009
22009 133826 93.7641723356009


133826 22009 93.7641723356009
134707 21131 93.7641723356009


602333 397538 93.7734500625335
613513 386370 93.7734500625335


386370 613513 93.7734500625335
397538 602333 93.7734500625335


602333 328860 93.7823834196891
613513 317692 93.7823834196891


317692 613513 93.7823834196891
328860 602333 93.7823834196891


593631 337857 93.8305709023941
594716 336772 93.8305709023941


336772 594716 93.8305709023941
337857 593631 93.8305709023941


606742 355207 93.8486502433987
613513 348442 93.8486502433987


348442 613513 93.8486502433987
355207 606742 93.8486502433987


39373 220812 93.8748335552597
41620 218566 93.8748335552597


218566 41620 93.8748335552597
220812 39373 93.8748335552597


30525 514529 93.9032936229853
31944 513105 93.9032936229853


513105 31944 93.9032936229853
514529 30525 93.9032936229853


602979 427778 94.0083428138036
613513 417255 94.0083428138036


417255 613513 94.0083428138036
427778 602979 94.0083428138036


30525 342545 94.1052631578947
31944 341123 94.1052631578947


341123 31944 94.1052631578947
342545 30525 94.1052631578947


32282 197190 94.1860465116279
32367 197105 94.1860465116279


593631 150596 94.1988950276243
594716 149511 94.1988950276243


149511 594716 94.1988950276243
150596 593631 94.1988950276243


575705 393871 94.2385199867856
590738 378787 94.2385199867856


575705 424756 94.2385199867856
590738 409672 94.2385199867856


378787 590738 94.2385199867856
393871 575705 94.2385199867856


409672 590738 94.2385199867856
424756 575705 94.2385199867856


596683 114327 94.2943854324734
599967 111054 94.2943854324734


111054 599967 94.2943854324734
114327 596683 94.2943854324734


315726 57231 94.3319226118501
328860 44009 94.3319226118501


44009 328860 94.3394800483676
57231 315726 94.3394800483676


576443 355207 94.3661971830986
590474 341123 94.3661971830986


341123 590474 94.3661971830986
355207 576443 94.3661971830986


1760057 1764634 94.4272445820433
1760373 1764321 94.4272445820433


1764321 1760373 94.4272445820433
1764634 1760057 94.4272445820433


1765061 1769638 94.4272445820433
1765374 1769322 94.4272445820433


1769322 1765374 94.4272445820433
1769638 1765061 94.4272445820433


143978 41644 94.447261663286
147909 37729 94.447261663286


514801 60897 94.5542294397704
530016 45586 94.5542294397704


45586 530016 94.5607513206809
60897 514801 94.5607513206809


44001 109613 94.5787762341117
60903 92806 94.5787762341117


92806 60903 94.5787762341117
109613 44001 94.5787762341117


1757892 1764630 94.8051948051948
1758507 1764039 94.8051948051948


1764039 1758507 94.8051948051948
1764630 1757892 94.8051948051948


1765065 1771803 94.8051948051948
1765656 1771188 94.8051948051948


1771188 1765656 94.8051948051948
1771803 1765065 94.8051948051948


380744 60897 94.9710093480061
397538 44009 94.9710093480061


44009 397538 94.9769258075967
60897 380744 94.9769258075967


38314 191075 94.9909474954737
41620 187766 94.9909474954737


187766 41620 94.9909474954737
191075 38314 94.9909474954737


411629 60897 95.0870073172232
427786 44648 95.0870073172232


21131 208217 95.0877192982456
24831 204513 95.0877192982456


204513 24831 95.0877192982456
208217 21131 95.0877192982456


44648 427786 95.0931562442354
60897 411629 95.0931562442354


578081 133826 95.1201923076923
590467 121385 95.1201923076923


121385 590467 95.1201923076923
133826 578081 95.1201923076923


590425 120880 95.1327433628319
590876 120429 95.1327433628319


590425 90624 95.1327433628319
590876 90173 95.1327433628319


592578 38612 95.2054794520548
592723 38467 95.2054794520548


38467 592723 95.2054794520548
38612 592578 95.2054794520548


342816 60897 95.3187658564531
354943 48686 95.3187658564531


48686 354943 95.3269498322285
60897 342816 95.3269498322285


1761105 1764630 95.4924874791319
1761696 1764039 95.4924874791319


1764039 1761696 95.4924874791319
1764630 1761105 95.4924874791319


1765065 1768590 95.4924874791319
1765656 1767999 95.4924874791319


1767999 1765656 95.4924874791319
1768590 1765065 95.4924874791319


50059 133826 95.5479767720527
60903 123062 95.5479767720527


123062 60903 95.5479767720527
133826 50059 95.5479767720527


376718 403161 95.6204379562044
376851 403025 95.6204379562044


403025 376851 95.6204379562044
403161 376718 95.6204379562044


403025 407736 95.6204379562044
403161 407603 95.6204379562044


407603 403161 95.6204379562044
407736 403025 95.6204379562044


1760362 1764233 95.8974358974359
1760556 1764039 95.8974358974359


1764039 1760556 95.8974358974359
1764233 1760362 95.8974358974359


1765462 1769333 95.8974358974359
1765656 1769139 95.8974358974359


1769139 1765656 95.8974358974359
1769333 1765462 95.8974358974359


30525 92544 95.9097320169252
31937 91129 95.9097320169252


30525 122800 95.9097320169252
31937 121385 95.9097320169252


91129 31937 95.9126145172657
92544 30525 95.9126145172657


121385 31937 95.9126145172657
122800 30525 95.9126145172657


1760362 1766474 95.9459459459459
1760435 1766401 95.9459459459459


1763221 1769333 95.9459459459459
1763294 1769260 95.9459459459459


1766401 1760435 95.9459459459459
1766474 1760362 95.9459459459459


1769260 1763294 95.9459459459459
1769333 1763221 95.9459459459459


21131 164545 95.9706558633527
30256 155485 95.9706558633527


1763543 1763642 96
1763642 1763543 96


1766053 1766152 96
1766152 1766053 96


602324 142478 96.015246015246
610974 133826 96.015246015246


133826 610974 96.015246015246
142478 602324 96.015246015246


602324 172316 96.0346521389658
613513 161126 96.0346521389658


161126 613513 96.0346521389658
172316 602324 96.0346521389658


315726 26583 96.0659898477157
316513 25797 96.0659898477157


713838 508522 96.078431372549
713939 508421 96.078431372549


713838 434681 96.078431372549
713939 434580 96.078431372549


434580 713939 96.078431372549
434681 713838 96.078431372549


508421 713939 96.078431372549
508522 713838 96.078431372549


159889 25783 96.0919046596521
164545 21131 96.0919046596521


608380 133826 96.1238800155824
613513 128694 96.1238800155824


128694 613513 96.1238800155824
133826 608380 96.1238800155824


30525 155223 96.140350877193
31944 153801 96.140350877193


153801 31944 96.1430575035063
155223 30525 96.1430575035063


575705 168637 96.1579868120038
590474 153801 96.1579868120038


153801 590474 96.1579868120038
168637 575705 96.1579868120038


1790904 1794746 96.3302752293578
1791337 1794312 96.3302752293578


1792793 1796635 96.3302752293578
1793227 1796202 96.3302752293578


1794312 1791337 96.3302752293578
1794746 1790904 96.3302752293578


1796202 1793227 96.3302752293578
1796635 1792793 96.3302752293578


44000 172316 96.3519186424644
60903 155485 96.3519186424644


155485 60903 96.3519186424644
172316 44000 96.3519186424644


21131 101854 96.506406746249
30256 92806 96.506406746249


21131 132110 96.506406746249
30256 123062 96.506406746249


514801 30250 96.5069413345275
519254 25797 96.5069413345275


62502 1790349 96.5465465465465
63163 1789684 96.5465465465465


1789684 63163 96.5465465465465
1790349 62502 96.5465465465465


38136 114546 96.6292134831461
38224 114458 96.6292134831461


114458 38224 96.6292134831461
114546 38136 96.6292134831461


44000 142478 96.6297322253001
52657 133826 96.6297322253001


133826 52657 96.6297322253001
142478 44000 96.6297322253001


21131 523845 96.7148488830486
30250 514801 96.7148488830486


575705 138799 96.7430639324487
580675 133826 96.7430639324487


133826 580675 96.7430639324487
138799 575705 96.7430639324487


92806 30256 96.8197088465845
97259 25797 96.8197088465845


123062 30256 96.8197088465845
127515 25797 96.8197088465845


709174 1790349 96.8468468468468
709838 1789684 96.8468468468468


1789684 709838 96.8468468468468
1790349 709174 96.8468468468468


380744 30250 97.0396949988787
385191 25797 97.0396949988787


411629 30250 97.0396949988787
416076 25797 97.0396949988787


342816 30250 97.0396949988787
347263 25797 97.0396949988787


21131 321108 97.1580491382472
26583 315726 97.1580491382472


21131 420671 97.1945205479452
30250 411629 97.1945205479452


21131 389786 97.1945205479452
30250 380744 97.1945205479452


21131 351858 97.1945205479452
30250 342816 97.1945205479452


155485 30256 97.2894265232975
159947 25797 97.2894265232975


190797 195258 97.3451327433628
190909 195146 97.3451327433628


195146 190909 97.3451327433628
195258 190797 97.3451327433628


97194 25791 97.5975975975976
101854 21131 97.5975975975976


127450 25791 97.5975975975976
132110 21131 97.5975975975976


440968 1799702 97.7260422306443
442779 1797856 97.7260422306443


461665 1789683 97.7260422306443
463476 1787837 97.7260422306443


1787837 463476 97.7260422306443
1789683 461665 97.7260422306443


1797856 442779 97.7260422306443
1799702 440968 97.7260422306443


65770 66271 97.7611940298508
65903 66140 97.7611940298508


66140 65903 97.7611940298508
66271 65770 97.7611940298508


481237 483602 98.1751824817518
481784 483055 98.1751824817518


483055 481784 98.1751824817518
483602 481237 98.1751824817518


494683 497048 98.1751824817518
495230 496501 98.1751824817518


496501 495230 98.1751824817518
497048 494683 98.1751824817518


519196 25783 98.3240223463687
523845 21131 98.3240223463687


90258 590791 98.3651226158038
90624 590425 98.3651226158038


120514 590791 98.3651226158038
120880 590425 98.3651226158038


31893 120882 98.4423676012461
32213 120562 98.4423676012461


31893 90626 98.4423676012461
32213 90306 98.4423676012461


90306 32213 98.4423676012461
90626 31893 98.4423676012461


120562 32213 98.4423676012461
120882 31893 98.4423676012461


436826 1785038 98.5340314136126
437779 1784084 98.5340314136126


466665 1745611 98.5340314136126
467618 1744657 98.5340314136126


466665 1803455 98.5340314136126
467618 1802501 98.5340314136126


