#-- forward hits sorted by %sim
0 0 0
0 0 0


726242 474826 78.9173789173789
726939 475523 78.9173789173789


746793 428921 78.9173789173789
747490 429618 78.9173789173789


746793 502762 78.9173789173789
747490 503459 78.9173789173789


428921 746793 78.9173789173789
429618 747490 78.9173789173789


502762 746793 78.9173789173789
503459 747490 78.9173789173789


474826 726242 78.9473684210526
475523 726939 78.9473684210526


362594 144615 79.967689822294
363209 145231 79.967689822294


371980 144615 79.967689822294
372595 145231 79.967689822294


362594 188385 79.967689822294
363209 189001 79.967689822294


362594 219185 79.967689822294
363209 219801 79.967689822294


371980 219185 79.967689822294
372595 219801 79.967689822294


371980 188385 79.967689822294
372595 189001 79.967689822294


144615 362594 79.967689822294
145231 363209 79.967689822294


144615 371980 79.967689822294
145231 372595 79.967689822294


188385 362594 79.967689822294
189001 363209 79.967689822294


188385 371980 79.967689822294
189001 372595 79.967689822294


219185 362594 79.967689822294
219801 363209 79.967689822294


219185 371980 79.967689822294
219801 372595 79.967689822294


334573 403400 80.5309734513274
334787 403623 80.5309734513274


600088 118661 82.1243523316062
600472 119045 82.1243523316062


118661 600088 82.1243523316062
119045 600472 82.1243523316062


1755145 1759661 82.1969696969697
1755912 1760378 82.1969696969697


1759661 1755145 82.1969696969697
1760378 1755912 82.1969696969697


1769317 1773783 82.1969696969697
1770034 1774550 82.1969696969697


1773783 1769317 82.1969696969697
1774550 1770034 82.1969696969697


712164 490421 82.2655524605385
713236 491490 82.2655524605385


490421 712164 82.2655524605385
491490 713236 82.2655524605385


600072 338896 82.3383084577114
600472 339296 82.3383084577114


338896 600072 82.3383084577114
339296 600472 82.3383084577114


600055 376834 82.3389021479714
600472 377251 82.3389021479714


376834 600055 82.3389021479714
377251 600472 82.3389021479714


537476 565439 82.4335904027421
538636 566599 82.4335904027421


537476 538941 82.4335904027421
538636 540101 82.4335904027421


538941 537476 82.4335904027421
540101 538636 82.4335904027421


538941 563974 82.4335904027421
540101 565134 82.4335904027421


563974 538941 82.4335904027421
565134 540101 82.4335904027421


563974 565439 82.4335904027421
565134 566599 82.4335904027421


565439 563974 82.4335904027421
566599 565134 82.4335904027421


565439 537476 82.4335904027421
566599 538636 82.4335904027421


600073 195258 82.5436408977556
600472 195657 82.5436408977556


195258 600073 82.5436408977556
195657 600472 82.5436408977556


600072 407736 82.5870646766169
600472 408136 82.5870646766169


407736 600072 82.5870646766169
408136 600472 82.5870646766169


335255 191656 83.9901477832512
335659 192059 83.9901477832512


191656 335255 84.029484029484
192059 335659 84.029484029484


185751 398131 84.0816326530612
186470 398863 84.0816326530612


216551 398131 84.0816326530612
217270 398863 84.0816326530612


329453 216551 84.0816326530612
330185 217270 84.0816326530612


329453 185751 84.0816326530612
330185 186470 84.0816326530612


398131 216551 84.0816326530612
398863 217270 84.0816326530612


398131 185751 84.0816326530612
398863 186470 84.0816326530612


185751 329453 84.0816326530612
186470 330185 84.0816326530612


216551 329453 84.0816326530612
217270 330185 84.0816326530612


90062 403834 84.2639593908629
90258 404030 84.2639593908629


120318 403834 84.2639593908629
120514 404030 84.2639593908629


403834 120318 84.2639593908629
404030 120514 84.2639593908629


403834 90062 84.2639593908629
404030 90258 84.2639593908629


1766403 1768692 84.7503373819163
1769326 1771381 84.7503373819163


1768692 1766403 84.7503373819163
1771381 1769326 84.7503373819163


90066 403892 84.7619047619048
90275 404101 84.7619047619048


120322 403892 84.7619047619048
120531 404101 84.7619047619048


403892 90066 84.7619047619048
404101 90275 84.7619047619048


403892 120322 84.7619047619048
404101 120531 84.7619047619048


724802 473386 84.7826086956522
725692 474302 84.7826086956522


748040 430142 84.7826086956522
748930 431058 84.7826086956522


748040 503983 84.7826086956522
748930 504899 84.7826086956522


430142 748040 84.7826086956522
431058 748930 84.7826086956522


473386 724802 84.7826086956522
474302 725692 84.7826086956522


503983 748040 84.7826086956522
504899 748930 84.7826086956522


1758314 1760369 85.0050658561297
1761003 1763292 85.0050658561297


1760369 1758314 85.0050658561297
1763292 1761003 85.0050658561297


1755145 1757999 85.1288056206089
1757640 1760376 85.1288056206089


1757999 1755145 85.1288056206089
1760376 1757640 85.1288056206089


1769319 1772055 85.1288056206089
1771696 1774550 85.1288056206089


1772055 1769319 85.1288056206089
1774550 1771696 85.1288056206089


1758886 1760362 85.1581508515815
1760376 1761990 85.1581508515815


1760362 1758886 85.1581508515815
1761990 1760376 85.1581508515815


1767705 1769319 85.1581508515815
1769333 1770809 85.1581508515815


1769319 1767705 85.1581508515815
1770809 1769333 85.1581508515815


111670 362574 85.3046594982079
111947 362850 85.3046594982079


111670 371960 85.3046594982079
111947 372236 85.3046594982079


362574 111670 85.3046594982079
362850 111947 85.3046594982079


371960 111670 85.3046594982079
372236 111947 85.3046594982079


89620 409035 85.5769230769231
90626 409987 85.5769230769231


89620 378150 85.5769230769231
90626 379102 85.5769230769231


378150 89620 85.5769230769231
379102 90626 85.5769230769231


409035 89620 85.5769230769231
409987 90626 85.5769230769231


111018 173789 85.6375838926175
111759 174522 85.6375838926175


173789 111018 85.6375838926175
174522 111759 85.6375838926175


235093 236113 85.781990521327
235495 236534 85.781990521327


236113 235093 85.781990521327
236534 235495 85.781990521327


247152 248192 85.781990521327
247573 248593 85.781990521327


248192 247152 85.781990521327
248593 247573 85.781990521327


735289 3265 85.8880778588808
735699 3670 85.8880778588808


615800 735289 85.8880778588808
616205 735699 85.8880778588808


686234 738034 85.8880778588808
686639 738444 85.8880778588808


693523 735289 85.8880778588808
693928 735699 85.8880778588808


765607 738034 85.8880778588808
766012 738444 85.8880778588808


772896 735289 85.8880778588808
773301 735699 85.8880778588808


3265 735289 85.8880778588808
3670 735699 85.8880778588808


735289 772896 85.8880778588808
735699 773301 85.8880778588808


738034 765607 85.8880778588808
738444 766012 85.8880778588808


735289 615800 85.8880778588808
735699 616205 85.8880778588808


735289 693523 85.8880778588808
735699 693928 85.8880778588808


738034 686234 85.8880778588808
738444 686639 85.8880778588808


119722 377996 86.0134003350084
120882 379102 86.0134003350084


119722 408881 86.0134003350084
120882 409987 86.0134003350084


377996 119722 86.0134003350084
379102 120882 86.0134003350084


408881 119722 86.0134003350084
409987 120882 86.0134003350084


118541 151533 86.0586319218241
120062 153061 86.0586319218241


151533 118541 86.0586319218241
153061 120062 86.0586319218241


876733 876634 86.1198738170347
877046 876947 86.1198738170347


593640 356263 86.1855670103093
594123 356746 86.1855670103093


593640 365649 86.1855670103093
594123 366132 86.1855670103093


356263 593640 86.1855670103093
356746 594123 86.1855670103093


365649 593640 86.1855670103093
366132 594123 86.1855670103093


1755145 1757435 86.2090880203368
1758219 1760373 86.2090880203368


1757435 1755145 86.2090880203368
1760373 1758219 86.2090880203368


1769322 1771476 86.2090880203368
1772260 1774550 86.2090880203368


1771476 1769322 86.2090880203368
1774550 1772260 86.2090880203368


1755145 1759103 86.2371888726208
1756492 1760373 86.2371888726208


1759103 1755145 86.2371888726208
1760373 1756492 86.2371888726208


1769322 1773203 86.2371888726208
1770592 1774550 86.2371888726208


1773203 1769322 86.2371888726208
1774550 1770592 86.2371888726208


434876 491778 86.3057324840764
435188 492090 86.3057324840764


469256 486195 86.3057324840764
469568 486507 86.3057324840764


486195 469256 86.3057324840764
486507 469568 86.3057324840764


491778 508717 86.3057324840764
492090 509029 86.3057324840764


491778 434876 86.3057324840764
492090 435188 86.3057324840764


508717 491778 86.3057324840764
509029 492090 86.3057324840764


150718 406815 86.3207547169811
152187 408282 86.3207547169811


150718 375930 86.3207547169811
152187 377397 86.3207547169811


375930 150718 86.3207547169811
377397 152187 86.3207547169811


406815 150718 86.3207547169811
408282 152187 86.3207547169811


739415 4702 86.3509749303621
740129 5413 86.3509749303621


617237 739415 86.3509749303621
617948 740129 86.3509749303621


684491 733604 86.3509749303621
685202 734318 86.3509749303621


694960 739415 86.3509749303621
695671 740129 86.3509749303621


763864 733604 86.3509749303621
764575 734318 86.3509749303621


774333 739415 86.3509749303621
775044 740129 86.3509749303621


4702 739415 86.3509749303621
5413 740129 86.3509749303621


733604 763864 86.3509749303621
734318 764575 86.3509749303621


739415 774333 86.3509749303621
740129 775044 86.3509749303621


733604 684491 86.3509749303621
734318 685202 86.3509749303621


739415 694960 86.3509749303621
740129 695671 86.3509749303621


739415 617237 86.3509749303621
740129 617948 86.3509749303621


1755145 1758596 86.4379736737136
1760016 1763292 86.4379736737136


1758596 1755145 86.4379736737136
1763292 1760016 86.4379736737136


1766403 1769679 86.4379736737136
1771099 1774550 86.4379736737136


1769679 1766403 86.4379736737136
1774550 1771099 86.4379736737136


1755145 1755708 86.7101508357114
1759871 1760378 86.7101508357114


1755708 1755145 86.7101508357114
1760378 1759871 86.7101508357114


1769317 1769824 86.7101508357114
1773987 1774550 86.7101508357114


1769824 1769317 86.7101508357114
1774550 1773987 86.7101508357114


1766553 1769319 87.1161313095658
1769333 1771976 87.1161313095658


1769319 1766553 87.1161313095658
1771976 1769333 87.1161313095658


714347 492600 87.1720116618076
714689 492942 87.1720116618076


492600 714347 87.1720116618076
492942 714689 87.1720116618076


713336 508525 87.2047244094488
713841 509032 87.2047244094488


713336 434684 87.2047244094488
713841 435191 87.2047244094488


434684 713336 87.2047244094488
435191 713841 87.2047244094488


508525 713336 87.2047244094488
509032 713841 87.2047244094488


35172 356263 87.2651356993737
35650 356740 87.2651356993737


35172 365649 87.2651356993737
35650 366126 87.2651356993737


356263 35172 87.2651356993737
356740 35650 87.2651356993737


365649 35172 87.2651356993737
366126 35650 87.2651356993737


713523 491774 87.3320537428023
714042 492293 87.3320537428023


491774 713523 87.3320537428023
492293 714042 87.3320537428023


1759392 1760373 87.4528301886792
1760373 1761420 87.4528301886792


1760373 1759392 87.4528301886792
1761420 1760373 87.4528301886792


194334 150718 87.6943881000676
195803 152187 87.6943881000676


150718 194334 87.6943881000676
152187 195803 87.6943881000676


315738 202830 87.8228782287823
316541 203639 87.8228782287823


202830 315738 87.8228782287823
203639 316541 87.8228782287823


1755145 1756862 87.8592532903572
1758804 1760376 87.8592532903572


1756862 1755145 87.8592532903572
1760376 1758804 87.8592532903572


1769319 1770891 87.8592532903572
1772833 1774550 87.8592532903572


1770891 1769319 87.8592532903572
1774550 1772833 87.8592532903572


119722 196395 87.9661016949153
120882 197525 87.9661016949153


196395 119722 87.9661016949153
197525 120882 87.9661016949153


1766401 1767550 88.0379532361911
1769322 1770303 88.0379532361911


1767550 1766401 88.0379532361911
1770303 1769322 88.0379532361911


89633 196568 88.0834160873883
90626 197525 88.0834160873883


196568 89633 88.0834160873883
197525 90626 88.0834160873883


147739 147880 88.0952380952381
147863 148004 88.0952380952381


147880 147739 88.0952380952381
148004 147863 88.0952380952381


119688 340007 88.2978723404255
120062 340382 88.2978723404255


340007 119688 88.2978723404255
340382 120062 88.2978723404255


1757719 1760362 88.6914378029079
1760084 1762793 88.6914378029079


1760362 1757719 88.6914378029079
1762793 1760084 88.6914378029079


713635 716576 88.8475836431227
714172 717113 88.8475836431227


716576 713635 88.8475836431227
717113 714172 88.8475836431227


152729 378005 88.8888888888889
153061 378336 88.8888888888889


152729 408890 88.8888888888889
153061 409221 88.8888888888889


378005 152729 88.8888888888889
378336 153061 88.8888888888889


408890 152729 88.8888888888889
409221 153061 88.8888888888889


338765 596767 88.8888888888889
338896 596898 88.8888888888889


34103 402999 88.9473684210526
34288 403185 88.9473684210526


876634 876733 88.9473684210526
876823 876919 88.9473684210526


402999 34103 88.9473684210526
403185 34288 88.9473684210526


38455 376718 88.9705882352941
38586 376851 88.9705882352941


38455 407603 88.9705882352941
38586 407736 88.9705882352941


596767 338765 88.9705882352941
596898 338896 88.9705882352941


376718 38455 89.051094890511
376851 38586 89.051094890511


407603 38455 89.051094890511
407736 38586 89.051094890511


1766401 1770241 89.1558224891558
1769333 1773121 89.1558224891558


1770241 1766401 89.1558224891558
1773121 1769333 89.1558224891558


1743370 818224 89.1566265060241
1743534 818385 89.1566265060241


1786161 803490 89.1566265060241
1786325 803651 89.1566265060241


1801214 818224 89.1566265060241
1801378 818385 89.1566265060241


803490 1786161 89.1566265060241
803651 1786325 89.1566265060241


818224 1743370 89.1566265060241
818385 1743534 89.1566265060241


818224 1801214 89.1566265060241
818385 1801378 89.1566265060241


1756574 1760362 89.3787575150301
1759454 1763294 89.3787575150301


1760362 1756574 89.3787575150301
1763294 1759454 89.3787575150301


1755605 1765072 89.3864013266998
1756192 1765656 89.3864013266998


1764039 1773503 89.3864013266998
1764623 1774090 89.3864013266998


1765072 1755605 89.3864013266998
1765656 1756192 89.3864013266998


1773503 1764039 89.3864013266998
1774090 1764623 89.3864013266998


2957 1746727 89.4067796610169
3191 1746962 89.4067796610169


2957 1804571 89.4067796610169
3191 1804806 89.4067796610169


615492 1746727 89.4067796610169
615726 1746962 89.4067796610169


615492 1804571 89.4067796610169
615726 1804806 89.4067796610169


686713 1782733 89.4067796610169
686947 1782968 89.4067796610169


693215 1746727 89.4067796610169
693449 1746962 89.4067796610169


693215 1804571 89.4067796610169
693449 1804806 89.4067796610169


766086 1782733 89.4067796610169
766320 1782968 89.4067796610169


772588 1746727 89.4067796610169
772822 1746962 89.4067796610169


772588 1804571 89.4067796610169
772822 1804806 89.4067796610169


1746727 2957 89.4067796610169
1746962 3191 89.4067796610169


1804571 2957 89.4067796610169
1804806 3191 89.4067796610169


1746727 772588 89.4067796610169
1746962 772822 89.4067796610169


1782733 766086 89.4067796610169
1782968 766320 89.4067796610169


1804571 772588 89.4067796610169
1804806 772822 89.4067796610169


1746727 615492 89.4067796610169
1746962 615726 89.4067796610169


1746727 693215 89.4067796610169
1746962 693449 89.4067796610169


1782733 686713 89.4067796610169
1782968 686947 89.4067796610169


1804571 615492 89.4067796610169
1804806 615726 89.4067796610169


1804571 693215 89.4067796610169
1804806 693449 89.4067796610169


34103 190775 89.4179894179894
34288 190958 89.4179894179894


190775 34103 89.4179894179894
190958 34288 89.4179894179894


331291 173819 89.4810659186536
332000 174522 89.4810659186536


173819 331291 89.4810659186536
174522 332000 89.4810659186536


1769322 1770393 89.484927605032
1773378 1774520 89.484927605032


1770393 1769322 89.484927605032
1774520 1773378 89.484927605032


1755175 1756317 89.5798718253026
1759302 1760373 89.5798718253026


1756317 1755175 89.5798718253026
1760373 1759302 89.5798718253026


173819 399969 89.6213183730715
174522 400678 89.6213183730715


399969 173819 89.6213183730715
400678 174522 89.6213183730715


596767 376718 89.7058823529412
596898 376851 89.7058823529412


596767 407603 89.7058823529412
596898 407736 89.7058823529412


376718 596767 89.7058823529412
376851 596898 89.7058823529412


407603 596767 89.7058823529412
407736 596898 89.7058823529412


1755145 1765169 89.7177419354839
1755619 1765656 89.7177419354839


1764039 1774076 89.7177419354839
1764526 1774550 89.7177419354839


1765169 1755145 89.7177419354839
1765656 1755619 89.7177419354839


1774076 1764039 89.7177419354839
1774550 1764526 89.7177419354839


34103 334321 89.7849462365591
34288 334502 89.7849462365591


334321 34103 89.7849462365591
334502 34288 89.7849462365591


714600 469869 89.9197592778335
716579 471853 89.9197592778335


469869 714600 89.9197592778335
471853 716579 89.9197592778335


336750 149489 89.9410464259396
339442 152187 89.9410464259396


149489 336750 89.9410464259396
152187 339442 89.9410464259396


111023 218518 90
113319 220812 90


218518 111023 90
220812 113319 90


590791 32282 90.0376411543287
594716 36249 90.0376411543287


32282 590791 90.0376411543287
36249 594716 90.0376411543287


713153 469074 90.2298850574713
713325 469246 90.2298850574713


469074 713153 90.2298850574713
469246 713325 90.2298850574713


1755177 1762402 90.3083700440529
1756063 1763292 90.3083700440529


1762402 1755177 90.3083700440529
1763292 1756063 90.3083700440529


1766403 1773632 90.3083700440529
1767293 1774518 90.3083700440529


1773632 1766403 90.3083700440529
1774518 1767293 90.3083700440529


1760063 1760537 90.4458598726115
1760373 1760850 90.4458598726115


1760537 1760063 90.4458598726115
1760850 1760373 90.4458598726115


1768845 1769322 90.4458598726115
1769158 1769632 90.4458598726115


1769322 1768845 90.4458598726115
1769632 1769158 90.4458598726115


111023 187718 90.4869124683366
114569 191208 90.4869124683366


187718 111023 90.4869124683366
191208 114569 90.4869124683366


596743 118493 90.5555555555556
596920 118670 90.5555555555556


118493 596743 90.5555555555556
118670 596920 90.5555555555556


1755145 1761782 90.5844155844156
1756647 1763294 90.5844155844156


1761782 1755145 90.5844155844156
1763294 1756647 90.5844155844156


1766401 1773048 90.5844155844156
1767913 1774550 90.5844155844156


1773048 1766401 90.5844155844156
1774550 1767913 90.5844155844156


186855 399276 90.6103286384976
187067 399484 90.6103286384976


217655 399276 90.6103286384976
217867 399484 90.6103286384976


330598 217655 90.6103286384976
330806 217867 90.6103286384976


330598 186855 90.6103286384976
330806 187067 90.6103286384976


399276 217655 90.6103286384976
399484 217867 90.6103286384976


399276 186855 90.6103286384976
399484 187067 90.6103286384976


186855 330598 90.6103286384976
187067 330806 90.6103286384976


217655 330598 90.6103286384976
217867 330806 90.6103286384976


1762244 1765058 90.6451612903226
1762854 1765656 90.6451612903226


1764039 1766841 90.6451612903226
1764637 1767451 90.6451612903226


1765058 1762244 90.6451612903226
1765656 1762854 90.6451612903226


1766841 1764039 90.6451612903226
1767451 1764637 90.6451612903226


1760537 1765067 90.6976744186046
1761126 1765656 90.6976744186046


1764039 1768569 90.6976744186046
1764628 1769158 90.6976744186046


1765067 1760537 90.6976744186046
1765656 1761126 90.6976744186046


1768569 1764039 90.6976744186046
1769158 1764628 90.6976744186046


117731 194325 90.819209039548
118438 195031 90.819209039548


194325 117731 90.819209039548
195031 118438 90.819209039548


1755145 1761209 90.9090909090909
1757217 1763292 90.9090909090909


1761209 1755145 90.9090909090909
1763292 1757217 90.9090909090909


1766403 1772478 90.9090909090909
1768486 1774550 90.9090909090909


1772478 1766403 90.9090909090909
1774550 1768486 90.9090909090909


1756755 1765065 90.9390444810544
1757346 1765656 90.9390444810544


1764039 1772349 90.9390444810544
1764630 1772940 90.9390444810544


1765065 1756755 90.9390444810544
1765656 1757346 90.9390444810544


1772349 1764039 90.9390444810544
1772940 1764630 90.9390444810544


350980 133826 90.9914443885254
354943 137797 90.9914443885254


133826 350980 90.9914443885254
137797 354943 90.9914443885254


1759561 1765072 91.0614525139665
1760084 1765595 91.0614525139665


1764100 1769611 91.0614525139665
1764623 1770134 91.0614525139665


1765072 1759561 91.0614525139665
1765595 1760084 91.0614525139665


1769611 1764100 91.0614525139665
1770134 1764623 91.0614525139665


651016 452017 91.1057692307692
651429 452428 91.1057692307692


452017 651016 91.1057692307692
452428 651429 91.1057692307692


596792 195146 91.1504424778761
596902 195258 91.1504424778761


195146 596792 91.1504424778761
195258 596902 91.1504424778761


336524 192882 91.2359550561798
337857 194215 91.2359550561798


192882 336524 91.2359550561798
194215 337857 91.2359550561798


113300 373212 91.3284132841328
113841 373753 91.3284132841328


373212 113300 91.3284132841328
373753 113841 91.3284132841328


596182 37870 91.3428943937418
600009 41673 91.3428943937418


37870 596182 91.3428943937418
41673 600009 91.3428943937418


1755145 1760642 91.3493530499076
1757790 1763292 91.3493530499076


1760642 1755145 91.3493530499076
1763292 1757790 91.3493530499076


1766403 1771905 91.3493530499076
1769053 1774550 91.3493530499076


1771905 1766403 91.3493530499076
1774550 1769053 91.3493530499076


111018 143951 91.3532721350311
114389 147293 91.3532721350311


143951 111018 91.3532721350311
147293 114389 91.3532721350311


1743485 1799940 91.3934426229508
1743725 1800181 91.3934426229508


1785970 1787358 91.3934426229508
1786210 1787599 91.3934426229508


1787358 1785970 91.3934426229508
1787599 1786210 91.3934426229508


1799940 1801329 91.3934426229508
1800181 1801569 91.3934426229508


1799940 1743485 91.3934426229508
1800181 1743725 91.3934426229508


1801329 1799940 91.3934426229508
1801569 1800181 91.3934426229508


113300 363826 91.3963328631876
114007 364533 91.3963328631876


363826 113300 91.3963328631876
364533 114007 91.3963328631876


1756178 1765072 91.404958677686
1756776 1765656 91.404958677686


1764039 1772919 91.404958677686
1764623 1773517 91.404958677686


1765072 1756178 91.404958677686
1765656 1756776 91.404958677686


1772919 1764039 91.404958677686
1773517 1764623 91.404958677686


1755145 1762937 91.5730337078652
1755488 1763292 91.5730337078652


1762937 1755145 91.5730337078652
1763292 1755488 91.5730337078652


1766403 1774207 91.5730337078652
1766758 1774550 91.5730337078652


1774207 1766403 91.5730337078652
1774550 1766758 91.5730337078652


1755999 1760369 91.5997322623829
1758957 1763292 91.5997322623829


1760369 1755999 91.5997322623829
1763292 1758957 91.5997322623829


1766403 1770738 91.5997322623829
1769326 1773696 91.5997322623829


1770738 1766403 91.5997322623829
1773696 1769326 91.5997322623829


363843 190012 91.6184971098266
364533 190702 91.6184971098266


190012 363843 91.6184971098266
190702 364533 91.6184971098266


111047 331289 91.6716417910448
114389 334609 91.6716417910448


331289 111047 91.6716417910448
334609 114389 91.6716417910448


363843 402236 91.7630057803468
364533 402926 91.7630057803468


402236 363843 91.7630057803468
402926 364533 91.7630057803468


592578 147005 91.7910447761194
592710 147137 91.7910447761194


147005 592578 91.7910447761194
147137 592710 91.7910447761194


375921 117731 91.85733512786
377397 119191 91.85733512786


406806 117731 91.85733512786
408282 119191 91.85733512786


117731 375921 91.8628110289173
119191 377397 91.8628110289173


117731 406806 91.8628110289173
119191 408282 91.8628110289173


373212 333541 91.8819188191882
373753 334082 91.8819188191882


333541 373212 91.8819188191882
334082 373753 91.8819188191882


1755417 1760362 91.8829008649368
1758378 1763292 91.8829008649368


1760362 1755417 91.8829008649368
1763292 1758378 91.8829008649368


1766403 1771317 91.8829008649368
1769333 1774278 91.8829008649368


1771317 1766403 91.8829008649368
1774278 1769333 91.8829008649368


336673 374627 91.9123841617523
337857 375811 91.9123841617523


374627 336673 91.9123841617523
375811 337857 91.9123841617523


114382 403469 91.9395465994962
114778 403864 91.9395465994962


403469 114382 91.9395465994962
403864 114778 91.9395465994962


336673 405512 91.9966301600674
337857 406696 91.9966301600674


405512 336673 91.9966301600674
406696 337857 91.9966301600674


373229 402236 92
373753 402760 92


373229 190012 92
373753 190536 92


190012 373229 92
190536 373753 92


402236 373229 92
402760 373753 92


196392 408878 92.0038403511178
203639 416104 92.0038403511178


196392 377993 92.0038403511178
203639 385219 92.0038403511178


377993 196392 92.0038403511178
385219 203639 92.0038403511178


408878 196392 92.0038403511178
416104 203639 92.0038403511178


131232 133826 92.0323325635104
133826 136423 92.0323325635104


133826 131232 92.0323325635104
136423 133826 92.0323325635104


197474 153801 92.0844752539094
203639 159975 92.0844752539094


153801 197474 92.0844752539094
159975 203639 92.0844752539094


363826 333541 92.090395480226
364533 334248 92.090395480226


333541 363826 92.090395480226
334248 364533 92.090395480226


513111 197480 92.1897692431822
519282 203639 92.1897692431822


197480 513111 92.1897692431822
203639 519282 92.1897692431822


1757330 1765070 92.2428330522766
1757913 1765656 92.2428330522766


1764039 1771782 92.2428330522766
1764625 1772365 92.2428330522766


1765070 1757330 92.2428330522766
1765656 1757913 92.2428330522766


1771782 1764039 92.2428330522766
1772365 1764625 92.2428330522766


116440 374633 92.2881355932203
117618 375811 92.2881355932203


374633 116440 92.2881355932203
375811 117618 92.2881355932203


1760362 1761502 92.3458149779736
1762145 1763294 92.3458149779736


1761502 1760362 92.3458149779736
1763294 1762145 92.3458149779736


111047 399967 92.370820668693
114327 403245 92.370820668693


399967 111047 92.370820668693
403245 114327 92.370820668693


116440 405518 92.3728813559322
117618 406696 92.3728813559322


405518 116440 92.3728813559322
406696 117618 92.3728813559322


1760362 1762072 92.4009700889248
1761573 1763292 92.4009700889248


1762072 1760362 92.4009700889248
1763292 1761573 92.4009700889248


1766403 1768122 92.4009700889248
1767623 1769333 92.4009700889248


1768122 1766403 92.4009700889248
1769333 1767623 92.4009700889248


116364 149342 92.507204610951
118438 151417 92.507204610951


149342 116364 92.507204610951
151417 118438 92.507204610951


522967 133826 92.554393896581
530016 140891 92.554393896581


133826 522967 92.554393896581
140891 530016 92.554393896581


1760374 1760944 92.5879396984925
1762727 1763294 92.5879396984925


1760944 1760374 92.5879396984925
1763294 1762727 92.5879396984925


1766401 1766968 92.5879396984925
1768751 1769321 92.5879396984925


1766968 1766401 92.5879396984925
1769321 1768751 92.5879396984925


1759008 1765077 92.6243567753002
1759575 1765656 92.6243567753002


1764039 1770120 92.6243567753002
1764618 1770687 92.6243567753002


1765077 1759008 92.6243567753002
1765656 1759575 92.6243567753002


1770120 1764039 92.6243567753002
1770687 1764618 92.6243567753002


114749 114836 92.6267281105991
114964 115051 92.6267281105991


114836 114749 92.6267281105991
115051 114964 92.6267281105991


363843 146242 92.6300578034682
364533 146932 92.6300578034682


146242 363843 92.6300578034682
146932 364533 92.6300578034682


91122 197474 92.6368480542548
97287 203639 92.6368480542548


121378 197474 92.6368480542548
127543 203639 92.6368480542548


197474 91122 92.6368480542548
203639 97287 92.6368480542548


197474 121378 92.6368480542548
203639 127543 92.6368480542548


592578 334321 92.6470588235294
592710 334456 92.6470588235294


334321 592578 92.6470588235294
334456 592710 92.6470588235294


176539 133826 92.6572617946346
185163 142461 92.6572617946346


133826 176539 92.6572617946346
142461 185163 92.6572617946346


592578 402999 92.7007299270073
592710 403135 92.7007299270073


402999 592578 92.7007299270073
403135 592710 92.7007299270073


341129 197480 92.7266849846452
347291 203639 92.7266849846452


197480 341129 92.7266849846452
203639 347291 92.7266849846452


373229 146242 92.7619047619048
373753 146766 92.7619047619048


146242 373229 92.7619047619048
146766 373753 92.7619047619048


116429 193026 92.9411764705882
117618 194215 92.9411764705882


193026 116429 92.9411764705882
194215 117618 92.9411764705882


100976 133826 93.0387757450236
109642 142506 93.0387757450236


133826 100976 93.0387757450236
142506 109642 93.0387757450236


89620 152874 93.0851063829787
89806 153061 93.0851063829787


89620 340195 93.0851063829787
89806 340382 93.0851063829787


152874 89620 93.0851063829787
153061 89806 93.0851063829787


340195 89620 93.0851063829787
340382 89806 93.0851063829787


320230 133826 93.1130113242431
328859 142468 93.1130113242431


133826 320230 93.1130113242431
142468 328859 93.1130113242431


1758491 1765070 93.1226765799256
1759019 1765595 93.1226765799256


1764100 1770676 93.1226765799256
1764625 1771204 93.1226765799256


1765070 1758491 93.1226765799256
1765595 1759019 93.1226765799256


1770676 1764100 93.1226765799256
1771204 1764625 93.1226765799256


133826 388908 93.1245666743702
142468 397537 93.1245666743702


388908 133826 93.1245666743702
397537 142468 93.1245666743702


1760060 1762832 93.125
1760376 1763142 93.125


1762832 1760060 93.125
1763142 1760376 93.125


207336 133826 93.3048103607771
215963 142461 93.3048103607771


133826 207336 93.3048103607771
142461 215963 93.3048103607771


133826 419793 93.3873986275733
141829 427786 93.3873986275733


419793 133826 93.3873986275733
427786 141829 93.3873986275733


1762832 1765064 93.4042553191489
1763292 1765533 93.4042553191489


1764162 1766403 93.4042553191489
1764631 1766863 93.4042553191489


1765064 1762832 93.4042553191489
1765533 1763292 93.4042553191489


1766403 1764162 93.4042553191489
1766863 1764631 93.4042553191489


455876 458237 93.4199837530463
457104 459451 93.4199837530463


458237 455876 93.4199837530463
459451 457104 93.4199837530463


1761668 1765058 93.431855500821
1762272 1765656 93.431855500821


1764039 1767423 93.431855500821
1764637 1768027 93.431855500821


1765058 1761668 93.431855500821
1765656 1762272 93.431855500821


1767423 1764039 93.431855500821
1768027 1764637 93.431855500821


444993 447340 93.5012185215272
446207 448569 93.5012185215272


447340 444993 93.5012185215272
448569 446207 93.5012185215272


193036 149417 93.5593220338983
194215 150596 93.5593220338983


149417 193036 93.5593220338983
150596 194215 93.5593220338983


174522 161647 93.6333802156587
185163 172299 93.6333802156587


161647 174522 93.6333802156587
172299 185163 93.6333802156587


337970 194325 93.7080969571944
339893 196254 93.7080969571944


194325 337970 93.7080969571944
196254 339893 93.7080969571944


589058 61177 93.7644341801386
589489 61606 93.7644341801386


61177 589058 93.7644341801386
61606 589489 93.7644341801386


331313 218566 93.9609236234458
333560 220812 93.9609236234458


218566 331313 93.9609236234458
220812 333560 93.9609236234458


149421 374636 93.9625850340136
150596 375811 93.9625850340136


374636 149421 93.9625850340136
375811 150596 93.9625850340136


149421 405521 94.0476190476191
150596 406696 94.0476190476191


405521 149421 94.0476190476191
406696 150596 94.0476190476191


592578 190775 94.0740740740741
592710 190909 94.0740740740741


190775 592578 94.0740740740741
190909 592710 94.0740740740741


331291 143981 94.0787582638689
334760 147444 94.0787582638689


143981 331291 94.0787582638689
147444 334760 94.0787582638689


204504 160833 94.1898954703833
215963 172299 94.1898954703833


160833 204504 94.1898954703833
172299 215963 94.1898954703833


337970 406806 94.3069306930693
340382 409221 94.3069306930693


337970 375921 94.3069306930693
340382 378336 94.3069306930693


375921 337970 94.3069306930693
378336 340382 94.3069306930693


406806 337970 94.3069306930693
409221 340382 94.3069306930693


1760057 1765061 94.4272445820433
1760373 1765374 94.4272445820433


1764321 1769322 94.4272445820433
1764634 1769638 94.4272445820433


1765061 1760057 94.4272445820433
1765374 1760373 94.4272445820433


1769322 1764321 94.4272445820433
1769638 1764634 94.4272445820433


143981 399969 94.5443645083933
147302 403299 94.5443645083933


399969 143981 94.5443645083933
403299 147302 94.5443645083933


336678 116439 94.592645998558
339442 119191 94.592645998558


116439 336678 94.5945945945946
119191 339442 94.5945945945946


331313 187766 94.6891973445987
334619 191075 94.6891973445987


187766 331313 94.6891973445987
191075 334619 94.6891973445987


1757892 1765065 94.8051948051948
1758507 1765656 94.8051948051948


1764039 1771188 94.8051948051948
1764630 1771803 94.8051948051948


1765065 1757892 94.8051948051948
1765656 1758507 94.8051948051948


1771188 1764039 94.8051948051948
1771803 1764630 94.8051948051948


315726 159160 94.8320413436692
328859 172306 94.8320413436692


159160 315726 94.8320413436692
172306 328859 94.8320413436692


32282 32228 95.049504950495
32382 32328 95.049504950495


218566 399991 95.1598579040853
220812 402238 95.1598579040853


399991 218566 95.1598579040853
402238 220812 95.1598579040853


403837 403891 95.2380952380952
404025 404079 95.2380952380952


403891 403837 95.2380952380952
404079 404025 95.2380952380952


1515146 1515237 95.2380952380952
1515225 1515320 95.2380952380952


1515237 1515146 95.2380952380952
1515320 1515225 95.2380952380952


91129 153808 95.2555531593703
109642 172344 95.2555531593703


153808 91129 95.2555531593703
172344 109642 95.2555531593703


512644 153342 95.2575070333582
530016 170729 95.2575070333582


153342 512644 95.2575070333582
170729 530016 95.2575070333582


1761105 1765065 95.4924874791319
1761696 1765656 95.4924874791319


1764039 1767999 95.4924874791319
1764630 1768590 95.4924874791319


1765065 1761105 95.4924874791319
1765656 1761696 95.4924874791319


1767999 1764039 95.4924874791319
1768590 1764630 95.4924874791319


589058 30530 95.5810147299509
590889 32326 95.5810147299509


30530 589058 95.5810147299509
32326 590889 95.5810147299509


592578 114080 95.6521739130435
592690 114194 95.6521739130435


114080 592578 95.6521739130435
114194 592690 95.6521739130435


339872 152548 95.682119205298
354943 167635 95.682119205298


152548 339872 95.682119205298
167635 354943 95.682119205298


153801 379051 95.7075751849252
172306 397537 95.7075751849252


379051 153801 95.7075751849252
397537 172306 95.7075751849252


1760362 1765462 95.8974358974359
1760556 1765656 95.8974358974359


1764039 1769139 95.8974358974359
1764233 1769333 95.8974358974359


1765462 1760362 95.8974358974359
1765656 1760556 95.8974358974359


1769139 1764039 95.8974358974359
1769333 1764233 95.8974358974359


153801 409936 95.9176825858405
171667 427786 95.9176825858405


409936 153801 95.9176825858405
427786 171667 95.9176825858405


187766 399991 95.9177502267917
191065 403291 95.9177502267917


399991 187766 95.9177502267917
403291 191065 95.9177502267917


1760362 1763221 95.9459459459459
1760435 1763294 95.9459459459459


1763221 1760362 95.9459459459459
1763294 1760435 95.9459459459459


1766401 1769260 95.9459459459459
1766474 1769333 95.9459459459459


1769260 1766401 95.9459459459459
1769333 1766474 95.9459459459459


1763543 1766053 96
1763642 1766152 96


1766053 1763543 96
1766152 1763642 96


193113 374709 96.0355217253409
196254 377848 96.0355217253409


374709 193113 96.0355217253409
377848 196254 96.0355217253409


584387 25857 96.0481489893255
588788 30256 96.0481489893255


25857 584387 96.0481489893255
30256 588788 96.0481489893255


118541 195147 96.048632218845
119191 195803 96.048632218845


195147 118541 96.048632218845
195803 119191 96.048632218845


193113 405594 96.0672375515382
196254 408733 96.0672375515382


405594 193113 96.0672375515382
408733 196254 96.0672375515382


187716 173791 96.0757780784844
188454 174522 96.0757780784844


218516 173791 96.0757780784844
219254 174522 96.0757780784844


173791 187716 96.0757780784844
174522 188454 96.0757780784844


173791 218516 96.0757780784844
174522 219254 96.0757780784844


713838 469763 96.078431372549
713939 469864 96.078431372549


469763 713838 96.078431372549
469864 713939 96.078431372549


121385 153808 96.1300682456845
133826 166261 96.1300682456845


153808 121385 96.1300682456845
166261 133826 96.1300682456845


128409 204513 96.1446227633278
133826 209933 96.1446227633278


204513 128409 96.1446227633278
209933 133826 96.1446227633278


584387 56505 96.1835529304861
588788 60903 96.1835529304861


56505 584387 96.1835529304861
60903 588788 96.1835529304861


520145 204513 96.1954872002429
530016 214393 96.1954872002429


204513 520145 96.1954872002429
214393 530016 96.1954872002429


204513 386085 96.2684610679018
215954 397522 96.2684610679018


386085 204513 96.2684610679018
397522 215954 96.2684610679018


1507332 1508303 96.2732919254658
1507491 1508463 96.2732919254658


1508303 1507332 96.2732919254658
1508463 1507491 96.2732919254658


317407 204513 96.2772000349559
328844 215954 96.2772000349559


204513 317407 96.2772000349559
215954 328844 96.2772000349559


1790904 1792793 96.3302752293578
1791337 1793227 96.3302752293578


1792793 1790904 96.3302752293578
1793227 1791337 96.3302752293578


1794312 1796202 96.3302752293578
1794746 1796635 96.3302752293578


1796202 1794312 96.3302752293578
1796635 1794746 96.3302752293578


348157 204513 96.3921901528014
355221 211580 96.3921901528014


204513 348157 96.3921901528014
211580 355221 96.3921901528014


98153 204513 96.5375893947323
109612 215977 96.5375893947323


204513 98153 96.5375893947323
215977 109612 96.5375893947323


204513 416970 96.543438077634
215331 427786 96.543438077634


416970 204513 96.543438077634
427786 215331 96.543438077634


62502 1797190 96.5465465465465
63163 1797855 96.5465465465465


1797190 62502 96.5465465465465
1797855 63163 96.5465465465465


1164524 1164581 96.7213114754098
1164764 1164824 96.7213114754098


1164581 1164524 96.7213114754098
1164824 1164764 96.7213114754098


709174 1797190 96.8468468468468
709838 1797855 96.8468468468468


1797190 709174 96.8468468468468
1797855 709838 96.8468468468468


579797 21131 97.2009621692543
584369 25681 97.2009621692543


21131 579797 97.2009621692543
25681 584369 97.2009621692543


1507332 1508141 97.2136222910217
1507653 1508463 97.2136222910217


1508141 1507332 97.2136222910217
1508463 1507653 97.2136222910217


575705 47681 97.3599262162785
584369 56332 97.3599262162785


47681 575705 97.3599262162785
56332 584369 97.3599262162785


602151 43826 97.3723525793128
613513 55197 97.3723525793128


43826 602151 97.3725834797891
55197 613513 97.3725834797891


1507332 1507979 97.5257731958763
1507815 1508463 97.5257731958763


1507979 1507332 97.5257731958763
1508463 1507815 97.5257731958763


440968 1787837 97.7260422306443
442779 1789683 97.7260422306443


461665 1797856 97.7260422306443
463476 1799702 97.7260422306443


1787837 440968 97.7260422306443
1789683 442779 97.7260422306443


1797856 461665 97.7260422306443
1799702 463476 97.7260422306443


187716 143953 97.7685212734305
191075 147303 97.7685212734305


143953 187716 97.7685212734305
147303 191075 97.7685212734305


90065 90119 97.8571428571428
90204 90258 97.8571428571428


90065 120375 97.8571428571428
90204 120514 97.8571428571428


90119 90065 97.8571428571428
90258 90204 97.8571428571428


90119 120321 97.8571428571428
90258 120460 97.8571428571428


120321 90119 97.8571428571428
120460 90258 97.8571428571428


120321 120375 97.8571428571428
120460 120514 97.8571428571428


120375 120321 97.8571428571428
120514 120460 97.8571428571428


120375 90065 97.8571428571428
120514 90204 97.8571428571428


218516 143953 97.9556328838625
220812 146244 97.9556328838625


143953 218516 97.9556328838625
