#-- reverse hits sorted by %sim
0 0 0
0 0 0


1689002 174953 67.84140969163
1689227 174782 67.84140969163


185865 1520481 72.6726726726727
186126 1520149 72.6726726726727


202935 1520481 72.6726726726727
203196 1520149 72.6726726726727


1520149 186126 72.6726726726727
1520481 185865 72.6726726726727


1520149 203196 72.6726726726727
1520481 202935 72.6726726726727


1689002 1691982 74.7967479674797
1689247 1691791 74.7967479674797


1689197 1692177 74.7967479674797
1689388 1691932 74.7967479674797


1688850 1609004 75.2100840336134
1689322 1608586 75.2100840336134


1688850 1578833 75.2100840336134
1689322 1578415 75.2100840336134


1578415 1689322 76.2605042016807
1578833 1688850 76.2605042016807


1608586 1689322 76.2605042016807
1609004 1688850 76.2605042016807


6053 229139 78.9173789173789
6749 228442 78.9173789173789


26961 210478 78.9173789173789
27658 209781 78.9173789173789


228442 6749 78.9173789173789
229139 6053 78.9173789173789


209781 27658 78.9473684210526
210478 26961 78.9473684210526


1636431 358402 81.1428571428571
1636595 358236 81.1428571428571


1639473 345118 81.1428571428571
1639637 344952 81.1428571428571


344952 1639637 81.1428571428571
345118 1639473 81.1428571428571


358236 1636595 81.1428571428571
358402 1636431 81.1428571428571


46692 529248 81.2332439678284
47061 528876 81.2332439678284


528876 47061 81.2332439678284
529248 46692 81.2332439678284


1725463 6756 82.1999087174806
1727647 4595 82.1999087174806


4595 1727647 82.1999087174806
6756 1725463 82.1999087174806


1712117 29117 82.2455499771794
1714302 26954 82.2455499771794


26954 1714302 82.2455499771794
29117 1712117 82.2455499771794


1643211 41684 82.3575949367088
1646990 37902 82.3575949367088


37902 1646990 82.3575949367088
41684 1643211 82.3575949367088


141840 1462711 82.398753894081
142474 1462079 82.398753894081


141840 1454019 82.398753894081
142474 1453387 82.398753894081


1453387 142474 82.398753894081
1454019 141840 82.398753894081


1462079 142474 82.398753894081
1462711 141840 82.398753894081


350494 1722093 82.444733420026
351258 1721329 82.444733420026


1721329 351258 82.4675324675325
1722093 350494 82.4675324675325


1688772 56199 82.5665859564165
1689181 55788 82.5665859564165


1691998 35497 82.5665859564165
1692407 35086 82.5665859564165


35086 1692407 82.5665859564165
35497 1691998 82.5665859564165


55788 1689181 82.5665859564165
56199 1688772 82.5665859564165


1717674 352860 82.5747724317295
1718438 352097 82.5747724317295


352097 1718438 82.5747724317295
352860 1717674 82.5747724317295


347411 1647046 82.8371731814652
351258 1643210 82.8371731814652


1643210 351258 82.8416149068323
1647046 347411 82.8416149068323


1578543 35456 82.9268292682927
1578829 35170 82.9268292682927


1608714 35456 82.9268292682927
1609000 35170 82.9268292682927


35170 1609000 82.9268292682927
35456 1608714 82.9268292682927


35170 1578829 82.9268292682927
35456 1578543 82.9268292682927


1716351 354180 83.0120481927711
1717177 353354 83.0120481927711


1722590 350000 83.0120481927711
1723416 349174 83.0120481927711


349174 1723416 83.0120481927711
350000 1722590 83.0120481927711


353354 1717177 83.0120481927711
354180 1716351 83.0120481927711


1689615 248865 83.4567901234568
1690419 248059 83.4567901234568


1690760 247694 83.4567901234568
1691564 246888 83.4567901234568


246888 1691564 83.4567901234568
247694 1690760 83.4567901234568


248059 1690419 83.4567901234568
248865 1689615 83.4567901234568


166220 1449979 83.5526315789474
166522 1449691 83.5526315789474


166220 1458671 83.5526315789474
166522 1458383 83.5526315789474


1449691 166522 83.5526315789474
1449979 166220 83.5526315789474


1458383 166522 83.5526315789474
1458671 166220 83.5526315789474


1715313 205504 83.5734870317003
1716003 204815 83.5734870317003


204815 1716003 83.5734870317003
205504 1715313 83.5734870317003


135382 1458671 83.8283828382838
135683 1458383 83.8283828382838


135382 1449979 83.8283828382838
135683 1449691 83.8283828382838


1449691 135683 83.8283828382838
1449979 135382 83.8283828382838


1458383 135683 83.8283828382838
1458671 135382 83.8283828382838


1723763 234107 83.8616714697406
1724453 233417 83.8616714697406


233417 1724453 83.8616714697406
234107 1723763 83.8616714697406


1599364 1463657 83.9811542991755
1600183 1462817 83.9811542991755


1629532 1463657 83.9811542991755
1630351 1462817 83.9811542991755


1462817 1630351 83.9811542991755
1463657 1629532 83.9811542991755


1462817 1600183 83.9811542991755
1463657 1599364 83.9811542991755


1716543 51489 84.0490797546012
1717192 50840 84.0490797546012


1722575 40448 84.0490797546012
1723224 39799 84.0490797546012


39799 1723224 84.0490797546012
40448 1722575 84.0490797546012


50840 1717192 84.0490797546012
51489 1716543 84.0490797546012


1633988 358631 84.1417910447761
1634518 358107 84.1417910447761


358107 1634518 84.1417910447761
358631 1633988 84.1417910447761


352012 527415 84.1463414634146
352248 527174 84.1463414634146


1641552 345247 84.171322160149
1642083 344723 84.171322160149


344723 1642083 84.171322160149
345247 1641552 84.171322160149


1715311 52719 84.6481876332623
1716245 51787 84.6481876332623


51787 1716245 84.6481876332623
52719 1715311 84.6481876332623


1492812 1462355 84.9624060150376
1493076 1462091 84.9624060150376


1492812 1453663 84.9624060150376
1493076 1453399 84.9624060150376


1453399 1493076 84.9624060150376
1453663 1492812 84.9624060150376


1462091 1493076 84.9624060150376
1462355 1492812 84.9624060150376


1723522 39501 84.9680170575693
1724455 38567 84.9680170575693


38567 1724455 84.9680170575693
39501 1723522 84.9680170575693


1484004 192500 84.9947534102833
1484881 191548 84.9947534102833


1484004 175430 84.9947534102833
1484881 174478 84.9947534102833


1514106 175430 84.9947534102833
1514983 174478 84.9947534102833


1514106 192500 84.9947534102833
1514983 191548 84.9947534102833


323292 248493 85
323671 248117 85


324105 247636 85
324484 247260 85


247260 324484 85
247636 324105 85


248117 323671 85
248493 323292 85


369855 1515393 85.0723533891851
371091 1514106 85.0723533891851


369855 1485291 85.0723533891851
371091 1484004 85.0723533891851


400713 1485291 85.0723533891851
401949 1484004 85.0723533891851


400713 1515393 85.0723533891851
401949 1514106 85.0723533891851


165864 1607422 85.0935828877005
167333 1605954 85.0935828877005


1605954 167333 85.0935828877005
1607422 165864 85.0935828877005


174478 1484881 85.099685204617
175430 1484004 85.099685204617


174478 1514983 85.099685204617
175430 1514106 85.099685204617


191548 1514983 85.099685204617
192500 1514106 85.099685204617


191548 1484881 85.099685204617
192500 1484004 85.099685204617


135027 1607422 85.2074966532798
136494 1605954 85.2074966532798


1605954 136494 85.2074966532798
1607422 135027 85.2074966532798


1484004 401949 85.3008377760853
1485291 400713 85.3008377760853


1484004 371091 85.3008377760853
1485291 369855 85.3008377760853


1514106 401949 85.3008377760853
1515393 400713 85.3008377760853


1514106 371091 85.3008377760853
1515393 369855 85.3008377760853


1689002 192077 85.4625550660793
1689227 191852 85.4625550660793


174782 1689227 85.4625550660793
175007 1689002 85.4625550660793


191852 1689227 85.4625550660793
192077 1689002 85.4625550660793


1712137 230578 85.5591748099891
1713048 229663 85.5591748099891


1726716 209257 85.5591748099891
1727627 208342 85.5591748099891


208342 1727627 85.5591748099891
209257 1726716 85.5591748099891


229663 1713048 85.5591748099891
230578 1712137 85.5591748099891


165864 1577251 85.5799373040752
166181 1576938 85.5799373040752


1576938 166181 85.5799373040752
1577251 165864 85.5799373040752


1606765 1520633 85.6115107913669
1606898 1520501 85.6115107913669


1520501 1606898 85.6115107913669
1520633 1606765 85.6115107913669


442690 455518 85.6884057971015
443221 454975 85.6884057971015


442690 455518 85.6884057971015
443221 454975 85.6884057971015


454975 443221 85.6884057971015
455518 442690 85.6884057971015


1576593 1520634 85.7142857142857
1576727 1520501 85.7142857142857


139907 1486326 85.7142857142857
140051 1486191 85.7142857142857


139907 1516428 85.7142857142857
140051 1516293 85.7142857142857


1520501 1576727 85.7142857142857
1520634 1576593 85.7142857142857


1486191 140051 85.7142857142857
1486326 139907 85.7142857142857


1516293 140051 85.7142857142857
1516428 139907 85.7142857142857


1717952 1643693 85.7407407407407
1718489 1643159 85.7407407407407


1643159 1718489 85.7407407407407
1643693 1717952 85.7407407407407


442539 453628 85.781990521327
442941 453207 85.781990521327


443558 454650 85.781990521327
443978 454248 85.781990521327


453207 442941 85.781990521327
453628 442539 85.781990521327


454248 443978 85.781990521327
454650 443558 85.781990521327


1463039 1548399 85.7827476038339
1463657 1547778 85.7827476038339


1547778 1463657 85.7827476038339
1548399 1463039 85.7827476038339


135027 1577251 85.8490566037736
135343 1576938 85.8490566037736


1576938 135343 85.8490566037736
1577251 135027 85.8490566037736


441674 454499 86.0254083484574
442214 453965 86.0254083484574


441674 454499 86.0254083484574
442214 453965 86.0254083484574


453965 442214 86.0254083484574
454499 441674 86.0254083484574


1633706 221570 86.1230329041488
1634401 220880 86.1230329041488


220880 1634401 86.1230329041488
221570 1633706 86.1230329041488


350090 204204 86.1271676300578
350262 204032 86.1271676300578


353092 234890 86.1271676300578
353264 234718 86.1271676300578


204032 350262 86.1271676300578
204204 350090 86.1271676300578


234718 353264 86.1271676300578
234890 353092 86.1271676300578


1723522 349068 86.2911795961743
1724458 348131 86.2911795961743


348131 1724458 86.2911795961743
349068 1723522 86.2911795961743


1641669 218040 86.3481228668942
1642545 217170 86.3481228668942


217170 1642545 86.3481228668942
218040 1641669 86.3481228668942


111706 1630096 86.3713798977853
112283 1629522 86.3713798977853


111706 1599928 86.3713798977853
112283 1599354 86.3713798977853


1599354 112283 86.3713798977853
1599928 111706 86.3713798977853


1629522 112283 86.3713798977853
1630096 111706 86.3713798977853


1726715 63077 86.3879957127545
1727647 62168 86.3879957127545


62168 1727647 86.3879957127545
63077 1726715 86.3879957127545


1715308 355223 86.5037194473964
1716245 354286 86.5037194473964


354286 1716245 86.5037194473964
355223 1715308 86.5037194473964


391992 1463615 86.8150684931507
392571 1463039 86.8150684931507


422848 1463615 86.8150684931507
423427 1463039 86.8150684931507


1463039 392571 86.8150684931507
1463615 391992 86.8150684931507


1463039 423427 86.8150684931507
1463615 422848 86.8150684931507


172791 1520664 87.0588235294118
172954 1520501 87.0588235294118


189861 1520664 87.0588235294118
190024 1520501 87.0588235294118


1520501 172954 87.0588235294118
1520664 172791 87.0588235294118


1520501 190024 87.0588235294118
1520664 189861 87.0588235294118


135792 1576479 87.2307692307692
136433 1575851 87.2307692307692


166631 1576479 87.2307692307692
167272 1575851 87.2307692307692


1575851 136433 87.2307692307692
1576479 135792 87.2307692307692


1575851 167272 87.2307692307692
1576479 166631 87.2307692307692


1575854 1517164 87.2512103281334
1577675 1515328 87.2512103281334


1575854 1487062 87.2512103281334
1577675 1485226 87.2512103281334


1485226 1577675 87.2512103281334
1487062 1575854 87.2512103281334


1515328 1577675 87.2512103281334
1517164 1575854 87.2512103281334


40007 234711 87.4015748031496
40512 234204 87.4015748031496


50776 204718 87.4015748031496
51281 204211 87.4015748031496


204211 51281 87.4015748031496
204718 50776 87.4015748031496


234204 40512 87.4015748031496
234711 40007 87.4015748031496


1636443 221054 87.43961352657
1636639 220848 87.43961352657


1639429 218072 87.43961352657
1639625 217866 87.43961352657


217866 1639625 87.43961352657
218072 1639429 87.43961352657


220848 1636639 87.43961352657
221054 1636443 87.43961352657


1606765 1550967 87.5
1606905 1550828 87.5


1550828 1606905 87.5
1550967 1606765 87.5


1576593 1550968 87.5862068965517
1576734 1550828 87.5862068965517


1550828 1576734 87.5862068965517
1550968 1576593 87.5862068965517


349576 234709 87.6470588235294
350082 234201 87.6470588235294


353272 204721 87.6470588235294
353778 204213 87.6470588235294


204213 353778 87.6470588235294
204721 353272 87.6470588235294


234201 350082 87.6470588235294
234709 349576 87.6470588235294


136600 1448763 87.8243512974052
137100 1448265 87.8243512974052


136600 1457455 87.8243512974052
137100 1456957 87.8243512974052


167439 1457455 87.8243512974052
167939 1456957 87.8243512974052


167439 1448763 87.8243512974052
167939 1448265 87.8243512974052


1448265 167939 87.8243512974052
1448763 167439 87.8243512974052


1448265 137100 87.8243512974052
1448763 136600 87.8243512974052


1456957 137100 87.8243512974052
1457455 136600 87.8243512974052


1456957 167939 87.8243512974052
1457455 167439 87.8243512974052


1688850 1557459 87.9518072289157
1689015 1557294 87.9518072289157


1688850 1527118 87.9518072289157
1689015 1526953 87.9518072289157


1526953 1689015 87.9518072289157
1527118 1688850 87.9518072289157


1557294 1689015 87.9518072289157
1557459 1688850 87.9518072289157


111705 1548349 88.0622837370242
112272 1547778 88.0622837370242


1547778 112272 88.0622837370242
1548349 111705 88.0622837370242


5019 230149 88.0903490759754
5503 229663 88.0903490759754


28208 209257 88.0903490759754
28692 208771 88.0903490759754


62592 230149 88.0903490759754
63076 229663 88.0903490759754


208771 28692 88.0903490759754
209257 28208 88.0903490759754


229663 63076 88.0903490759754
230149 62592 88.0903490759754


229663 5503 88.0903490759754
230149 5019 88.0903490759754


1692164 1514422 88.2352941176471
1692333 1514253 88.2352941176471


1692164 1484320 88.2352941176471
1692333 1484151 88.2352941176471


368746 1602567 88.2352941176471
368879 1602434 88.2352941176471


399604 1602567 88.2352941176471
399737 1602434 88.2352941176471


1602434 399737 88.2352941176471
1602567 399604 88.2352941176471


1602434 368879 88.2352941176471
1602567 368746 88.2352941176471


1484151 1692333 88.2352941176471
1484320 1692164 88.2352941176471


1514253 1692333 88.2352941176471
1514422 1692164 88.2352941176471


347411 206223 88.28125
348815 204827 88.28125


354539 234095 88.28125
355943 232698 88.28125


204827 348815 88.28125
206223 347411 88.28125


232698 355943 88.28125
234095 354539 88.28125


1602434 1555274 88.3211678832117
1602567 1555142 88.3211678832117


1602434 1524933 88.3211678832117
1602567 1524801 88.3211678832117


1524801 1602567 88.3211678832117
1524933 1602434 88.3211678832117


1555142 1602567 88.3211678832117
1555274 1602434 88.3211678832117


1689002 192131 88.3333333333333
1689181 191952 88.3333333333333


1689002 175061 88.3333333333333
1689181 174882 88.3333333333333


174882 1689181 88.3333333333333
175061 1689002 88.3333333333333


191952 1689181 88.3333333333333
192131 1689002 88.3333333333333


320476 239550 88.5775862068966
320938 239090 88.5775862068966


326839 256663 88.5775862068966
327301 256203 88.5775862068966


239090 320938 88.5775862068966
239550 320476 88.5775862068966


256203 327301 88.5775862068966
256663 326839 88.5775862068966


133228 1692329 88.622754491018
133394 1692163 88.622754491018


164066 1692329 88.622754491018
164232 1692163 88.622754491018


1692163 164232 88.622754491018
1692329 164066 88.622754491018


1692163 133394 88.622754491018
1692329 133228 88.622754491018


1525851 134597 88.6319845857418
1526872 133573 88.6319845857418


1525851 165435 88.6319845857418
1526872 164411 88.6319845857418


1556192 134597 88.6319845857418
1557213 133573 88.6319845857418


1556192 165435 88.6319845857418
1557213 164411 88.6319845857418


133573 1526872 88.6429258902791
134597 1525851 88.6429258902791


133573 1557213 88.6429258902791
134597 1556192 88.6429258902791


164411 1557213 88.6429258902791
165435 1556192 88.6429258902791


164411 1526872 88.6429258902791
165435 1525851 88.6429258902791


39676 54550 88.6617100371747
40213 54014 88.6617100371747


54014 40213 88.6617100371747
54550 39676 88.6617100371747


1689002 1692123 88.7096774193548
1689123 1692002 88.7096774193548


1689056 1692177 88.7096774193548
1689177 1692056 88.7096774193548


1691861 1689123 88.7096774193548
1691982 1689002 88.7096774193548


1692002 1689123 88.7096774193548
1692123 1689002 88.7096774193548


1692056 1689318 88.7096774193548
1692177 1689197 88.7096774193548


1692056 1689177 88.7096774193548
1692177 1689056 88.7096774193548


1605954 1517225 88.7611082070047
1607846 1515328 88.7611082070047


1605954 1487123 88.7611082070047
1607846 1485226 88.7611082070047


1485226 1607846 88.7611082070047
1487123 1605954 88.7611082070047


1515328 1607846 88.7611082070047
1517225 1605954 88.7611082070047


347474 53379 88.7687846032165
351257 49604 88.7687846032165


49604 351257 88.7687846032165
53379 347474 88.7687846032165


352098 41684 88.8449367088608
355880 37907 88.8449367088608


37907 355880 88.8449367088608
41684 352098 88.8449367088608


36735 51612 88.8475836431227
37272 51075 88.8475836431227


51075 37272 88.8475836431227
51612 36735 88.8475836431227


111706 423376 88.8679245283019
112230 422851 88.8679245283019


111706 392520 88.8679245283019
112230 391995 88.8679245283019


391995 112230 88.8679245283019
392520 111706 88.8679245283019


422851 112230 88.8679245283019
423376 111706 88.8679245283019


139774 1520788 88.8888888888889
140038 1520523 88.8888888888889


1520523 140038 88.8888888888889
1520788 139774 88.8888888888889


133558 174853 88.9101338432122
134597 173842 88.9101338432122


133558 191923 88.9101338432122
134597 190912 88.9101338432122


164396 174853 88.9101338432122
165435 173842 88.9101338432122


164396 191923 88.9101338432122
165435 190912 88.9101338432122


173842 165435 88.9101338432122
174853 164396 88.9101338432122


173842 134597 88.9101338432122
174853 133558 88.9101338432122


190912 165435 88.9101338432122
191923 164396 88.9101338432122


190912 134597 88.9101338432122
191923 133558 88.9101338432122


1577781 1485129 88.9679715302491
1578341 1484584 88.9679715302491


1577781 1515231 88.9679715302491
1578341 1514686 88.9679715302491


1607952 1485129 88.9679715302491
1608512 1484584 88.9679715302491


1607952 1515231 88.9679715302491
1608512 1514686 88.9679715302491


1484584 1608512 88.9679715302491
1485129 1607952 88.9679715302491


1484584 1578341 88.9679715302491
1485129 1577781 88.9679715302491


1514686 1578341 88.9679715302491
1515231 1577781 88.9679715302491


1514686 1608512 88.9679715302491
1515231 1607952 88.9679715302491


1602430 1606877 89.1891891891892
1602577 1606730 89.1891891891892


1606730 1602577 89.1891891891892
1606877 1602430 89.1891891891892


1486004 1449979 89.247311827957
1486189 1449794 89.247311827957


1486004 1458671 89.247311827957
1486189 1458486 89.247311827957


1516106 1449979 89.247311827957
1516291 1449794 89.247311827957


1516106 1458671 89.247311827957
1516291 1458486 89.247311827957


1449794 1516291 89.247311827957
1449979 1516106 89.247311827957


1449794 1486189 89.247311827957
1449979 1486004 89.247311827957


1458486 1516291 89.247311827957
1458671 1516106 89.247311827957


1458486 1486189 89.247311827957
1458671 1486004 89.247311827957


1689986 324481 89.2561983471074
1691193 323295 89.2561983471074


323295 1691193 89.2561983471074
324481 1689986 89.2561983471074


165393 369894 89.2646269457864
167229 368059 89.2646269457864


368059 167229 89.2646269457864
369894 165393 89.2646269457864


1660522 324481 89.4039735099338
1661726 323295 89.4039735099338


323295 1661726 89.4039735099338
324481 1660522 89.4039735099338


134555 369894 89.4142933906502
136390 368059 89.4142933906502


368059 136390 89.4142933906502
369894 134555 89.4142933906502


172791 1550998 89.5348837209302
172957 1550832 89.5348837209302


189861 1550998 89.5348837209302
190027 1550832 89.5348837209302


1550832 190027 89.5348837209302
1550998 189861 89.5348837209302


1550832 172957 89.5348837209302
1550998 172791 89.5348837209302


1487229 1448763 89.6162528216704
1487671 1448322 89.6162528216704


1487229 1457455 89.6162528216704
1487671 1457014 89.6162528216704


1517331 1457455 89.6162528216704
1517773 1457014 89.6162528216704


1517331 1448763 89.6162528216704
1517773 1448322 89.6162528216704


1448322 1517773 89.6162528216704
1448763 1517331 89.6162528216704


1448322 1487671 89.6162528216704
1448763 1487229 89.6162528216704


1457014 1487671 89.6162528216704
1457455 1487229 89.6162528216704


1457014 1517773 89.6162528216704
1457455 1517331 89.6162528216704


1520351 1551302 89.7959183673469
1520497 1551159 89.7959183673469


1551159 1520497 89.7959183673469
1551302 1520351 89.7959183673469


353574 37272 89.8897058823529
354117 36730 89.8897058823529


52039 234095 90.0350525788683
54017 232111 90.0350525788683


204827 39248 90.0350525788683
206809 37269 90.0350525788683


232111 54017 90.0350525788683
234095 52039 90.0350525788683


37269 206809 90.04004004004
39248 204827 90.04004004004


172801 202720 90.0709219858156
172933 202582 90.0709219858156


172801 185650 90.0709219858156
172933 185512 90.0709219858156


185512 172933 90.0709219858156
185650 172801 90.0709219858156


185512 190003 90.0709219858156
185650 189871 90.0709219858156


189871 185650 90.0709219858156
190003 185512 90.0709219858156


189871 202720 90.0709219858156
190003 202582 90.0709219858156


202582 190003 90.0709219858156
202720 189871 90.0709219858156


202582 172933 90.0709219858156
202720 172801 90.0709219858156


1490249 1551302 90.1210244863496
1493748 1547778 90.1210244863496


133573 401498 90.1565995525727
134018 401053 90.1565995525727


133573 370640 90.1565995525727
134018 370195 90.1565995525727


164411 370640 90.1565995525727
164856 370195 90.1565995525727


164411 401498 90.1565995525727
164856 401053 90.1565995525727


370195 164856 90.1565995525727
370640 164411 90.1565995525727


370195 134018 90.1565995525727
370640 133573 90.1565995525727


401053 164856 90.1565995525727
401498 164411 90.1565995525727


401053 134018 90.1565995525727
401498 133573 90.1565995525727


135569 140051 90.1734104046243
135738 139881 90.1734104046243


139881 166577 90.1734104046243
140051 166408 90.1734104046243


139881 135738 90.1734104046243
140051 135569 90.1734104046243


166408 140051 90.1734104046243
166577 139881 90.1734104046243


15100 239243 90.1826484018265
15533 238808 90.1826484018265


18174 256945 90.1826484018265
18607 256510 90.1826484018265


238808 15533 90.1826484018265
239243 15100 90.1826484018265


256510 18607 90.1826484018265
256945 18174 90.1826484018265


1547778 1493748 90.1999436778372
1551302 1490249 90.1999436778372


133532 1608604 90.2127659574468
134001 1608147 90.2127659574468


133532 1578433 90.2127659574468
134001 1577976 90.2127659574468


164370 1578433 90.2127659574468
164839 1577976 90.2127659574468


164370 1608604 90.2127659574468
164839 1608147 90.2127659574468


1577976 134001 90.2127659574468
1578433 133532 90.2127659574468


1577976 164839 90.2127659574468
1578433 164370 90.2127659574468


1608147 134001 90.2127659574468
1608604 133532 90.2127659574468


1608147 164839 90.2127659574468
1608604 164370 90.2127659574468


40523 204204 90.2298850574713
40695 204032 90.2298850574713


50593 234890 90.2298850574713
50765 234718 90.2298850574713


204032 40695 90.2298850574713
204204 40523 90.2298850574713


234718 50765 90.2298850574713
234890 50593 90.2298850574713


1650919 1669939 90.3409090909091
1651268 1669591 90.3409090909091


1669591 1651268 90.3409090909091
1669939 1650919 90.3409090909091


395026 1555274 90.3448275862069
395168 1555134 90.3448275862069


395026 1524933 90.3448275862069
395168 1524793 90.3448275862069


425882 1555274 90.3448275862069
426024 1555134 90.3448275862069


425882 1524933 90.3448275862069
426024 1524793 90.3448275862069


1524793 426024 90.3448275862069
1524933 425882 90.3448275862069


1524793 395168 90.3448275862069
1524933 395026 90.3448275862069


1555134 426024 90.3448275862069
1555274 425882 90.3448275862069


1555134 395168 90.3448275862069
1555274 395026 90.3448275862069


182029 1464066 90.3739061256961
183265 1462817 90.3739061256961


199099 1464066 90.3739061256961
200335 1462817 90.3739061256961


1462817 200335 90.3739061256961
1464066 199099 90.3739061256961


1462817 183265 90.3739061256961
1464066 182029 90.3739061256961


368738 1520664 90.4191616766467
368901 1520501 90.4191616766467


399596 1520664 90.4191616766467
399759 1520501 90.4191616766467


1520501 368901 90.4191616766467
1520664 368738 90.4191616766467


1520501 399759 90.4191616766467
1520664 399596 90.4191616766467


185516 1555274 90.5109489051095
185650 1555144 90.5109489051095


185516 1524933 90.5109489051095
185650 1524803 90.5109489051095


202586 1555274 90.5109489051095
202720 1555144 90.5109489051095


202586 1524933 90.5109489051095
202720 1524803 90.5109489051095


1524803 185650 90.5109489051095
1524933 185516 90.5109489051095


1524803 202720 90.5109489051095
1524933 202586 90.5109489051095


1555144 202720 90.5109489051095
1555274 202586 90.5109489051095


1555144 185650 90.5109489051095
1555274 185516 90.5109489051095


368764 1632714 90.5172413793103
368879 1632601 90.5172413793103


399622 1632714 90.5172413793103
399737 1632601 90.5172413793103


1632601 399737 90.5172413793103
1632714 399622 90.5172413793103


1632601 368879 90.5172413793103
1632714 368764 90.5172413793103


54035 349758 90.6130268199234
54555 349237 90.6130268199234


395022 190003 90.7801418439716
395162 189869 90.7801418439716


395022 172933 90.7801418439716
395162 172799 90.7801418439716


425878 190003 90.7801418439716
426018 189869 90.7801418439716


425878 172933 90.7801418439716
426018 172799 90.7801418439716


172799 395162 90.7801418439716
172933 395022 90.7801418439716


172799 426018 90.7801418439716
172933 425878 90.7801418439716


189869 426018 90.7801418439716
190003 425878 90.7801418439716


189869 395162 90.7801418439716
190003 395022 90.7801418439716


1526512 1514983 90.8108108108108
1526880 1514615 90.8108108108108


1526512 1484881 90.8108108108108
1526880 1484513 90.8108108108108


1556853 1514983 90.8108108108108
1557221 1514615 90.8108108108108


1556853 1484881 90.8108108108108
1557221 1484513 90.8108108108108


349237 54555 90.8235294117647
349661 54132 90.8235294117647


36730 354117 90.8235294117647
37153 353693 90.8235294117647


306951 222604 90.8713692946058
307428 222124 90.8713692946058


340352 216796 90.8713692946058
340829 216316 90.8713692946058


362526 222604 90.8713692946058
363003 222124 90.8713692946058


216316 340829 90.8713692946058
216796 340352 90.8713692946058


222124 363003 90.8713692946058
222604 362526 90.8713692946058


222124 307428 90.8713692946058
222604 306951 90.8713692946058


1578667 1514423 90.8805031446541
1578984 1514106 90.8805031446541


1578667 1484321 90.8805031446541
1578984 1484004 90.8805031446541


1608838 1514423 90.8805031446541
1609155 1514106 90.8805031446541


1608838 1484321 90.8805031446541
1609155 1484004 90.8805031446541


1484004 1609155 90.8805031446541
1484321 1608838 90.8805031446541


1484004 1578984 90.8805031446541
1484321 1578667 90.8805031446541


1514106 1578984 90.8805031446541
1514423 1578667 90.8805031446541


1514106 1609155 90.8805031446541
1514423 1608838 90.8805031446541


1689002 192023 90.9677419354839
1689156 191869 90.9677419354839


174799 1689156 90.9677419354839
174953 1689002 90.9677419354839


191869 1689156 90.9677419354839
192023 1689002 90.9677419354839


306806 239469 90.9796314258002
307830 238447 90.9796314258002


339950 257306 90.9796314258002
340974 256284 90.9796314258002


362381 239469 90.9796314258002
363405 238447 90.9796314258002


238447 307830 90.9796314258002
239469 306806 90.9796314258002


238447 363405 90.9796314258002
239469 362381 90.9796314258002


256284 340974 90.9796314258002
257306 339950 90.9796314258002


76872 223823 91.1347517730496
77716 222995 91.1347517730496


77995 215925 91.1347517730496
78839 215097 91.1347517730496


215097 78839 91.1347517730496
215925 77995 91.1347517730496


222995 77716 91.1347517730496
223823 76872 91.1347517730496


1632601 1524933 91.2280701754386
1632711 1524821 91.2280701754386


1632601 1555274 91.2280701754386
1632711 1555162 91.2280701754386


1524821 1632711 91.2280701754386
1524933 1632601 91.2280701754386


1555162 1632711 91.2280701754386
1555274 1632601 91.2280701754386


76101 224864 91.2359550561798
76544 224420 91.2359550561798


79167 214500 91.2359550561798
79610 214056 91.2359550561798


214056 79610 91.2359550561798
214500 79167 91.2359550561798


224420 76544 91.2359550561798
224864 76101 91.2359550561798


320706 222602 91.4163090128755
320938 222370 91.4163090128755


326839 216550 91.4163090128755
327071 216318 91.4163090128755


216318 327071 91.4163090128755
216550 326839 91.4163090128755


222370 320938 91.4163090128755
222602 320706 91.4163090128755


1490752 1446655 91.50521609538
1491422 1445985 91.50521609538


1445985 1491422 91.50521609538
1446655 1490752 91.50521609538


1490752 1455346 91.6063675832127
1491442 1454656 91.6063675832127


1454656 1491442 91.6063675832127
1455346 1490752 91.6063675832127


1490047 203196 91.7520858164481
1494158 199099 91.7520858164481


1490047 186126 91.7520858164481
1494158 182029 91.7520858164481


182029 1494158 91.793893129771
186126 1490047 91.793893129771


199099 1494158 91.793893129771
203196 1490047 91.793893129771


1484551 1526842 91.8674698795181
1484881 1526512 91.8674698795181


1484551 1557183 91.8674698795181
1484881 1556853 91.8674698795181


1514653 1557183 91.8674698795181
1514983 1556853 91.8674698795181


1514653 1526842 91.8674698795181
1514983 1526512 91.8674698795181


165393 400752 91.8927444794953
168535 397614 91.8927444794953


397614 168535 91.8927444794953
400752 165393 91.8927444794953


368748 202720 91.9117647058823
368879 202586 91.9117647058823


368748 185650 91.9117647058823
368879 185516 91.9117647058823


399606 202720 91.9117647058823
399737 202586 91.9117647058823


399606 185650 91.9117647058823
399737 185516 91.9117647058823


185516 368879 91.9117647058823
185650 368748 91.9117647058823


185516 399737 91.9117647058823
185650 399606 91.9117647058823


202586 399737 91.9117647058823
202720 399606 91.9117647058823


202586 368879 91.9117647058823
202720 368748 91.9117647058823


307032 18607 91.9799498746867
307428 18209 91.9799498746867


340352 15498 91.9799498746867
340748 15100 91.9799498746867


362607 18607 91.9799498746867
363003 18209 91.9799498746867


15100 340748 91.9799498746867
15498 340352 91.9799498746867


18209 363003 91.9799498746867
18607 362607 91.9799498746867


18209 307428 91.9799498746867
18607 307032 91.9799498746867


134555 400752 92.0138888888889
137697 397614 92.0138888888889


397614 137697 92.0138888888889
400752 134555 92.0138888888889


140137 1446655 92.1013412816691
140807 1445985 92.1013412816691


1445985 140807 92.1013412816691
1446655 140137 92.1013412816691


1629532 1493748 92.1029281277728
1632881 1490382 92.1029281277728


1490382 1632881 92.1029281277728
1493748 1629532 92.1029281277728


391992 1493706 92.1828021647625
395292 1490392 92.1828021647625


422848 1493706 92.1828021647625
426148 1490392 92.1828021647625


1490392 395292 92.1828021647625
1493706 391992 92.1828021647625


1490392 426148 92.1828021647625
1493706 422848 92.1828021647625


140137 1455346 92.1852387843705
140827 1454656 92.1852387843705


1454656 140827 92.1852387843705
1455346 140137 92.1852387843705


1633061 1520301 92.2374429223744
1633278 1520083 92.2374429223744


1633061 1490199 92.2374429223744
1633278 1489981 92.2374429223744


1489981 1633278 92.2374429223744
1490199 1633061 92.2374429223744


1520083 1633278 92.2374429223744
1520301 1633061 92.2374429223744


139774 1551122 92.342073897497
143115 1547778 92.342073897497


1547778 143115 92.342073897497
1551122 139774 92.342073897497


1599364 1493748 92.3829282750445
1602708 1490382 92.3829282750445


1490382 1602708 92.3829282750445
1493748 1599364 92.3829282750445


15100 222523 92.6640926640927
15615 222007 92.6640926640927


18092 216913 92.6640926640927
18607 216397 92.6640926640927


216397 18607 92.6640926640927
216913 18092 92.6640926640927


222007 15615 92.6640926640927
222523 15100 92.6640926640927


139294 1633349 92.6715176715177
143126 1629522 92.6715176715177


1629522 143126 92.6715176715177
1633349 139294 92.6715176715177


1602889 1490199 92.6940639269406
1603107 1489981 92.6940639269406


1602889 1520301 92.6940639269406
1603107 1520083 92.6940639269406


1489981 1603107 92.6940639269406
1490199 1602889 92.6940639269406


1520083 1603107 92.6940639269406
1520301 1602889 92.6940639269406


1606765 1632709 92.741935483871
1606885 1632586 92.741935483871


1632586 1606885 92.741935483871
1632709 1606765 92.741935483871


1463591 1547169 92.7631578947368
1464045 1546723 92.7631578947368


1546723 1464045 92.7631578947368
1547169 1463591 92.7631578947368


1576593 1632710 92.8
1576714 1632586 92.8


1632586 1576714 92.8
1632710 1576593 92.8


139765 426156 92.8014397120576
143090 422831 92.8014397120576


139765 395300 92.8014397120576
143090 391975 92.8014397120576


391975 143090 92.8014397120576
395300 139765 92.8014397120576


422831 143090 92.8014397120576
426156 139765 92.8014397120576


306839 327186 92.816091954023
307183 326839 92.816091954023


320591 340941 92.816091954023
320938 340597 92.816091954023


326839 307183 92.816091954023
327186 306839 92.816091954023


326839 362758 92.816091954023
327186 362414 92.816091954023


340597 320938 92.816091954023
340941 320591 92.816091954023


362414 327186 92.816091954023
362758 326839 92.816091954023


165864 1525489 92.8178820080616
168563 1522784 92.8178820080616


1522784 168563 92.8178820080616
1525489 165864 92.8178820080616


408405 1477001 92.837653478854
420091 1465299 92.837653478854


1465299 420091 92.837653478854
1477001 408405 92.837653478854


377547 1477001 92.8467900076733
389235 1465299 92.8467900076733


1465299 389235 92.8467900076733
1477001 377547 92.8467900076733


165864 1555830 92.8545254672041
168563 1553124 92.8545254672041


1553124 168563 92.8545254672041
1555830 165864 92.8545254672041


320785 18607 92.8571428571429
320938 18455 92.8571428571429


326839 15252 92.8571428571429
326992 15100 92.8571428571429


15100 326992 92.8571428571429
15252 326839 92.8571428571429


18455 320938 92.8571428571429
18607 320785 92.8571428571429


368738 1550998 92.8994082840237
368904 1550832 92.8994082840237


399596 1550998 92.8994082840237
399762 1550832 92.8994082840237


1550832 368904 92.8994082840237
1550998 368738 92.8994082840237


1550832 399762 92.8994082840237
1550998 399596 92.8994082840237


135027 1525489 92.9226255958929
137725 1522784 92.9226255958929


1522784 137725 92.9226255958929
1525489 135027 92.9226255958929


139294 1603178 92.9445456912262
143126 1599354 92.9445456912262


1599354 143126 92.9445456912262
1603178 139294 92.9445456912262


135027 1555830 92.959295929593
137725 1553124 92.959295929593


1553124 137725 92.959295929593
1555830 135027 92.959295929593


306806 255743 92.96
307428 255119 92.96


340352 240634 92.96
340974 240010 92.96


362381 255743 92.96
363003 255119 92.96


240010 340974 92.96
240634 340352 92.96


255119 307428 92.96
255743 306806 92.96


255119 363003 92.96
255743 362381 92.96


1484006 1557608 93.0787589498807
1484424 1557190 93.0787589498807


1484006 1527267 93.0787589498807
1484424 1526849 93.0787589498807


1514108 1557608 93.0787589498807
1514526 1557190 93.0787589498807


1514108 1527267 93.0787589498807
1514526 1526849 93.0787589498807


1526849 1514526 93.0787589498807
1527267 1514108 93.0787589498807


1526849 1484424 93.0787589498807
1527267 1484006 93.0787589498807


1557190 1514526 93.0787589498807
1557608 1514108 93.0787589498807


1557190 1484424 93.0787589498807
1557608 1484006 93.0787589498807


1520501 1524955 93.0817610062893
1520658 1524801 93.0817610062893


1520501 1555296 93.0817610062893
1520658 1555142 93.0817610062893


1524801 1520658 93.0817610062893
1524955 1520501 93.0817610062893


1555142 1520658 93.0817610062893
1555296 1520501 93.0817610062893


238808 240669 93.1543624161074
239550 239929 93.1543624161074


239929 239550 93.1543624161074
240669 238808 93.1543624161074


255084 256945 93.1543624161074
255824 256203 93.1543624161074


256203 255824 93.1543624161074
256945 255084 93.1543624161074


1493682 1547169 93.2017543859649
1494137 1546723 93.2017543859649


1546723 1494137 93.2017543859649
1547169 1493682 93.2017543859649


1485245 1525897 93.2710280373832
1488430 1522706 93.2710280373832


1515347 1525897 93.2710280373832
1518532 1522706 93.2710280373832


1522706 1488430 93.2710280373832
1525897 1485245 93.2710280373832


1522706 1518532 93.2710280373832
1525897 1515347 93.2710280373832


1637536 198767 93.2806324110672
1637785 198515 93.2806324110672


1637536 181697 93.2806324110672
1637785 181445 93.2806324110672


181445 1637785 93.2806324110672
181697 1637536 93.2806324110672


198515 1637785 93.2806324110672
198767 1637536 93.2806324110672


1485245 1556238 93.3021806853583
1488430 1553046 93.3021806853583


1515347 1556238 93.3021806853583
1518532 1553046 93.3021806853583


1553046 1488430 93.3021806853583
1556238 1485245 93.3021806853583


1553046 1518532 93.3021806853583
1556238 1515347 93.3021806853583


110204 227094 93.364299933643
111705 225594 93.364299933643


225594 111705 93.364299933643
227094 110204 93.364299933643


408405 1507104 93.3967776942984
420359 1495138 93.3967776942984


1495138 420359 93.3967776942984
1507104 408405 93.3967776942984


377547 1507104 93.4056761268781
389503 1495138 93.4056761268781


1495138 389503 93.4056761268781
1507104 377547 93.4056761268781


111705 183011 93.4513274336283
112261 182450 93.4513274336283


111705 200081 93.4513274336283
112261 199520 93.4513274336283


182450 112261 93.4513274336283
183011 111705 93.4513274336283


199520 112261 93.4513274336283
200081 111705 93.4513274336283


216316 255598 93.4782608695652
216912 255003 93.4782608695652


222008 240750 93.4782608695652
222604 240155 93.4782608695652


240155 222604 93.4782608695652
240750 222008 93.4782608695652


255003 216912 93.4782608695652
255598 216316 93.4782608695652


170717 1488414 93.4796238244514
173888 1485245 93.4796238244514


170717 1518516 93.4796238244514
173888 1515347 93.4796238244514


187787 1488414 93.4796238244514
190958 1485245 93.4796238244514


187787 1518516 93.4796238244514
190958 1515347 93.4796238244514


1485245 190958 93.4796238244514
1488414 187787 93.4796238244514


1485245 173888 93.4796238244514
1488414 170717 93.4796238244514


1515347 190958 93.4796238244514
1518516 187787 93.4796238244514


1515347 173888 93.4796238244514
1518516 170717 93.4796238244514


73707 227094 93.4948407357559
75927 224878 93.4948407357559


224878 75927 93.4948407357559
227094 73707 93.4948407357559


1689200 1578678 93.4959349593496
1689322 1578556 93.4959349593496


1689200 1608849 93.4959349593496
1689322 1608727 93.4959349593496


1578556 1689322 93.4959349593496
1578678 1689200 93.4959349593496


1608727 1689322 93.4959349593496
1608849 1689200 93.4959349593496


79784 214042 93.5397039030956
82005 211826 93.5397039030956


211826 82005 93.5397039030956
214042 79784 93.5397039030956


165864 190551 93.8415321066466
168505 187906 93.8415321066466


165864 173481 93.8415321066466
168505 170836 93.8415321066466


170836 168505 93.8415321066466
173481 165864 93.8415321066466


187906 168505 93.8415321066466
190551 165864 93.8415321066466


167452 1605832 93.9282428702852
168537 1604747 93.9282428702852


1604747 168537 93.9282428702852
1605832 167452 93.9282428702852


135027 190551 93.9496429913566
137667 187906 93.9496429913566


135027 173481 93.9496429913566
137667 170836 93.9496429913566
