#-- forward hits sorted by %sim
0 0 0
0 0 0


1689002 1689197 74.7967479674797
1689247 1689388 74.7967479674797


1689197 1689002 74.7967479674797
1689388 1689247 74.7967479674797


1691857 1608586 76.2605042016807
1692329 1609004 76.2605042016807


1691857 1578415 76.2605042016807
1692329 1578833 76.2605042016807


1578415 1691857 76.2605042016807
1578833 1692329 76.2605042016807


1608586 1691857 76.2605042016807
1609004 1692329 76.2605042016807


6053 209781 78.9173789173789
6749 210478 78.9173789173789


26961 228442 78.9173789173789
27658 229139 78.9173789173789


228442 26961 78.9173789173789
229139 27658 78.9173789173789


209781 6053 78.9473684210526
210478 6749 78.9473684210526


1647231 657140 78.978622327791
1648060 657969 78.978622327791


657140 1647231 78.978622327791
657969 1648060 78.978622327791


1600025 1462105 80.0653594771242
1600634 1462714 80.0653594771242


1600025 1453413 80.0653594771242
1600634 1454022 80.0653594771242


1630193 1453413 80.0653594771242
1630802 1454022 80.0653594771242


1630193 1462105 80.0653594771242
1630802 1462714 80.0653594771242


1453413 1630193 80.0653594771242
1454022 1630802 80.0653594771242


1453413 1600025 80.0653594771242
1454022 1600634 80.0653594771242


1462105 1630193 80.0653594771242
1462714 1630802 80.0653594771242


1462105 1600025 80.0653594771242
1462714 1600634 80.0653594771242


1636431 344952 81.1428571428571
1636595 345118 81.1428571428571


344952 1636431 81.1428571428571
345118 1636595 81.1428571428571


358236 1639473 81.1428571428571
358402 1639637 81.1428571428571


44229 528876 81.2332439678284
44598 529248 81.2332439678284


528876 44229 81.2332439678284
529248 44598 81.2332439678284


1639473 358236 81.5950920245399
1639625 358390 81.5950920245399


1712117 4595 82.1999087174806
1714302 6756 82.1999087174806


4595 1712117 82.1999087174806
6756 1714302 82.1999087174806


1725463 26954 82.2455499771794
1727647 29117 82.2455499771794


26954 1725463 82.2455499771794
29117 1727647 82.2455499771794


1643211 49604 82.331223628692
1646990 53384 82.331223628692


49604 1643211 82.331223628692
53384 1646990 82.331223628692


270079 271544 82.3628691983122
271257 272722 82.3628691983122


270079 298070 82.3628691983122
271257 299248 82.3628691983122


271544 270079 82.3628691983122
272722 271257 82.3628691983122


271544 296605 82.3628691983122
272722 297783 82.3628691983122


296605 271544 82.3628691983122
297783 272722 82.3628691983122


296605 298070 82.3628691983122
297783 299248 82.3628691983122


298070 296605 82.3628691983122
299248 297783 82.3628691983122


298070 270079 82.3628691983122
299248 271257 82.3628691983122


183080 1453387 82.398753894081
183714 1454019 82.398753894081


183080 1462079 82.398753894081
183714 1462711 82.398753894081


200150 1453387 82.398753894081
200784 1454019 82.398753894081


200150 1462079 82.398753894081
200784 1462711 82.398753894081


1453387 183080 82.398753894081
1454019 183714 82.398753894081


1453387 200150 82.398753894081
1454019 200784 82.398753894081


1462079 200150 82.398753894081
1462711 200784 82.398753894081


1462079 183080 82.398753894081
1462711 183714 82.398753894081


1717674 350494 82.444733420026
1718438 351258 82.444733420026


350494 1717674 82.444733420026
351258 1718438 82.444733420026


1688772 35086 82.5665859564165
1689181 35497 82.5665859564165


1691998 55788 82.5665859564165
1692407 56199 82.5665859564165


35086 1688772 82.5665859564165
35497 1689181 82.5665859564165


55788 1691998 82.5665859564165
56199 1692407 82.5665859564165


1721329 352097 82.5747724317295
1722093 352860 82.5747724317295


352097 1721329 82.5747724317295
352860 1722093 82.5747724317295


1643210 352097 82.8630597980844
1647046 355943 82.8630597980844


352097 1643210 82.8630597980844
355943 1647046 82.8630597980844


1578543 55829 82.9268292682927
1578829 56115 82.9268292682927


1608714 55829 82.9268292682927
1609000 56115 82.9268292682927


55829 1578543 82.9268292682927
56115 1578829 82.9268292682927


55829 1608714 82.9268292682927
56115 1609000 82.9268292682927


1716351 349174 83.0120481927711
1717177 350000 83.0120481927711


1722590 353354 83.0120481927711
1723416 354180 83.0120481927711


349174 1716351 83.0120481927711
350000 1717177 83.0120481927711


353354 1722590 83.0120481927711
354180 1723416 83.0120481927711


1689615 246888 83.4567901234568
1690419 247694 83.4567901234568


1690760 248059 83.4567901234568
1691564 248865 83.4567901234568


246888 1689615 83.4567901234568
247694 1690419 83.4567901234568


248059 1690760 83.4567901234568
248865 1691564 83.4567901234568


368062 1575897 83.5379061371841
369425 1577251 83.5379061371841


1575897 368062 83.5379061371841
1577251 369425 83.5379061371841


1715313 233417 83.5734870317003
1716003 234107 83.5734870317003


233417 1715313 83.5734870317003
234107 1716003 83.5734870317003


351106 527174 83.8056680161943
351343 527415 83.8056680161943


1723763 204815 83.8616714697406
1724453 205504 83.8616714697406


204815 1723763 83.8616714697406
205504 1724453 83.8616714697406


395835 191882 83.955223880597
396102 192149 83.955223880597


395835 174812 83.955223880597
396102 175079 83.955223880597


174812 395835 83.955223880597
175079 396102 83.955223880597


191882 395835 83.955223880597
192149 396102 83.955223880597


398877 1575854 83.9635854341737
400283 1577251 83.9635854341737


1575854 398877 83.9635854341737
1577251 400283 83.9635854341737


1716543 39799 84.0490797546012
1717192 40448 84.0490797546012


1722575 50840 84.0490797546012
1723224 51489 84.0490797546012


39799 1716543 84.0490797546012
40448 1717192 84.0490797546012


50840 1722575 84.0490797546012
51489 1723224 84.0490797546012


1633988 344723 84.1417910447761
1634518 345247 84.1417910447761


344723 1633988 84.1417910447761
345247 1634518 84.1417910447761


395470 1520781 84.1698841698842
395981 1521289 84.1698841698842


1520781 395470 84.1698841698842
1521289 395981 84.1698841698842


1641552 358107 84.171322160149
1642083 358631 84.171322160149


358107 1641552 84.171322160149
358631 1642083 84.171322160149


395839 174870 84.180790960452
396015 175046 84.180790960452


395839 191940 84.180790960452
396015 192116 84.180790960452


174870 395839 84.180790960452
175046 396015 84.180790960452


191940 395839 84.180790960452
192116 396015 84.180790960452


1597239 198273 84.349593495935
1597729 198759 84.349593495935


1597239 181203 84.349593495935
1597729 181689 84.349593495935


1627407 198273 84.349593495935
1627897 198759 84.349593495935


1627407 181203 84.349593495935
1627897 181689 84.349593495935


181203 1627407 84.349593495935
181689 1627897 84.349593495935


181203 1597239 84.349593495935
181689 1597729 84.349593495935


198273 1597239 84.349593495935
198759 1597729 84.349593495935


198273 1627407 84.349593495935
198759 1627897 84.349593495935


172829 1458383 84.6153846153846
173126 1458671 84.6153846153846


172829 1449691 84.6153846153846
173126 1449979 84.6153846153846


189899 1458383 84.6153846153846
190196 1458671 84.6153846153846


189899 1449691 84.6153846153846
190196 1449979 84.6153846153846


1449691 189899 84.6153846153846
1449979 190196 84.6153846153846


1449691 172829 84.6153846153846
1449979 173126 84.6153846153846


1458383 189899 84.6153846153846
1458671 190196 84.6153846153846


1458383 172829 84.6153846153846
1458671 173126 84.6153846153846


142289 1462817 84.7417840375587
143118 1463660 84.7417840375587


1462817 142289 84.7417840375587
1463660 143118 84.7417840375587


1715311 38567 84.7547974413646
1716245 39501 84.7547974413646


38567 1715311 84.7547974413646
39501 1716245 84.7547974413646


368777 1458383 84.8484848484848
369073 1458671 84.8484848484848


368777 1449691 84.8484848484848
369073 1449979 84.8484848484848


399635 1449691 84.8484848484848
399931 1449979 84.8484848484848


399635 1458383 84.8484848484848
399931 1458671 84.8484848484848


1449691 368777 84.8484848484848
1449979 369073 84.8484848484848


1449691 399635 84.8484848484848
1449979 399931 84.8484848484848


1458383 368777 84.8484848484848
1458671 369073 84.8484848484848


1458383 399635 84.8484848484848
1458671 399931 84.8484848484848


1723522 51787 84.861407249467
1724455 52719 84.861407249467


51787 1723522 84.861407249467
52719 1724455 84.861407249467


1449691 1524831 84.8993288590604
1449979 1525127 84.8993288590604


1449691 1555172 84.8993288590604
1449979 1555468 84.8993288590604


1458383 1524831 84.8993288590604
1458671 1525127 84.8993288590604


1458383 1555172 84.8993288590604
1458671 1555468 84.8993288590604


1524831 1458383 84.8993288590604
1525127 1458671 84.8993288590604


1524831 1449691 84.8993288590604
1525127 1449979 84.8993288590604


1555172 1449691 84.8993288590604
1555468 1449979 84.8993288590604


1555172 1458383 84.8993288590604
1555468 1458671 84.8993288590604


323292 247260 85
323671 247636 85


324105 248117 85
324484 248493 85


247260 323292 85
247636 323671 85


248117 324105 85
248493 324484 85


1605403 1448322 85.1585014409222
1606080 1449014 85.1585014409222


1605403 1457014 85.1585014409222
1606080 1457706 85.1585014409222


1448322 1605403 85.1585014409222
1449014 1606080 85.1585014409222


1457014 1605403 85.1585014409222
1457706 1606080 85.1585014409222


395893 174816 85.2631578947368
396082 175005 85.2631578947368


395893 191886 85.2631578947368
396082 192075 85.2631578947368


174816 395893 85.2631578947368
175005 396082 85.2631578947368


191886 395893 85.2631578947368
192075 396082 85.2631578947368


368062 1606058 85.3410740203193
369425 1607422 85.3410740203193


1606058 368062 85.3410740203193
1607422 369425 85.3410740203193


1691952 191852 85.4625550660793
1692177 192077 85.4625550660793


1691952 174782 85.4625550660793
1692177 175007 85.4625550660793


174782 1691952 85.4625550660793
175007 1692177 85.4625550660793


191852 1691952 85.4625550660793
192077 1692177 85.4625550660793


455039 456130 85.5491329479769
455208 456300 85.5491329479769


456130 455039 85.5491329479769
456300 455208 85.5491329479769


1712137 208342 85.5591748099891
1713048 209257 85.5591748099891


1726716 229663 85.5591748099891
1727627 230578 85.5591748099891


208342 1712137 85.5591748099891
209257 1713048 85.5591748099891


229663 1726716 85.5591748099891
230578 1727627 85.5591748099891


1721278 1643159 85.7407407407407
1721815 1643693 85.7407407407407


1643159 1721278 85.7407407407407
1643693 1721815 85.7407407407407


442539 443558 85.781990521327
442941 443978 85.781990521327


443558 442539 85.781990521327
443978 442941 85.781990521327


453207 454248 85.781990521327
453628 454650 85.781990521327


454248 453207 85.781990521327
454650 453628 85.781990521327


1490523 1555142 86.0294117647059
1490653 1555274 86.0294117647059


1490523 1524801 86.0294117647059
1490653 1524933 86.0294117647059


1524801 1490523 86.0294117647059
1524933 1490653 86.0294117647059


1555142 1490523 86.0294117647059
1555274 1490653 86.0294117647059


398816 1605954 86.0998650472335
400283 1607422 86.0998650472335


1605954 398816 86.0998650472335
1607422 400283 86.0998650472335


1633706 217350 86.1230329041488
1634401 218040 86.1230329041488


217350 1633706 86.1230329041488
218040 1634401 86.1230329041488


350090 234718 86.1271676300578
350262 234890 86.1271676300578


353092 204032 86.1271676300578
353264 204204 86.1271676300578


204032 353092 86.1271676300578
204204 353264 86.1271676300578


234718 350090 86.1271676300578
234890 350262 86.1271676300578


441674 442690 86.1566484517304
442214 443221 86.1566484517304


441674 442690 86.1566484517304
442214 443221 86.1566484517304


442690 441674 86.1566484517304
443221 442214 86.1566484517304


442690 441674 86.1566484517304
443221 442214 86.1566484517304


138968 1489552 86.1904761904762
139386 1489968 86.1904761904762


138968 1519654 86.1904761904762
139386 1520070 86.1904761904762


1489552 138968 86.1904761904762
1489968 139386 86.1904761904762


1519654 138968 86.1904761904762
1520070 139386 86.1904761904762


453965 454975 86.231884057971
454499 455518 86.231884057971


454975 453965 86.231884057971
455518 454499 86.231884057971


1723522 354286 86.2911795961743
1724458 355223 86.2911795961743


354286 1723522 86.2911795961743
355223 1724458 86.2911795961743


1578496 174768 86.3387978142077
1578678 174950 86.3387978142077


1578496 191838 86.3387978142077
1578678 192020 86.3387978142077


1608667 191838 86.3387978142077
1608849 192020 86.3387978142077


1608667 174768 86.3387978142077
1608849 174950 86.3387978142077


174768 1608667 86.3387978142077
174950 1608849 86.3387978142077


174768 1578496 86.3387978142077
174950 1578678 86.3387978142077


191838 1578496 86.3387978142077
192020 1578678 86.3387978142077


191838 1608667 86.3387978142077
192020 1608849 86.3387978142077


1641669 220880 86.3481228668942
1642545 221750 86.3481228668942


220880 1641669 86.3481228668942
221750 1642545 86.3481228668942


1712117 62168 86.3879957127545
1713049 63077 86.3879957127545


62168 1712117 86.3879957127545
63077 1713049 86.3879957127545


1715308 348131 86.5037194473964
1716245 349068 86.5037194473964


348131 1715308 86.5037194473964
349068 1716245 86.5037194473964


135551 1550832 86.9791666666667
135738 1551016 86.9791666666667


166390 1550832 86.9791666666667
166577 1551016 86.9791666666667


1550832 135551 86.9791666666667
1551016 135738 86.9791666666667


1550832 166390 86.9791666666667
1551016 166577 86.9791666666667


172799 1490523 87.0503597122302
172933 1490657 87.0503597122302


189869 1490523 87.0503597122302
190003 1490657 87.0503597122302


1490523 172799 87.0503597122302
1490657 172933 87.0503597122302


1490523 189869 87.0503597122302
1490657 190003 87.0503597122302


426326 1520781 87.0967741935484
426722 1521173 87.0967741935484


1520781 426326 87.0967741935484
1521173 426722 87.0967741935484


1575854 1554414 87.3712737127371
1577655 1556235 87.3712737127371


1575854 1524074 87.3712737127371
1577655 1525894 87.3712737127371


1524074 1575854 87.3712737127371
1525894 1577655 87.3712737127371


1554414 1575854 87.3712737127371
1556235 1577655 87.3712737127371


40007 204211 87.4015748031496
40512 204718 87.4015748031496


50776 234204 87.4015748031496
51281 234711 87.4015748031496


204211 40007 87.4015748031496
204718 40512 87.4015748031496


234204 50776 87.4015748031496
234711 51281 87.4015748031496


135575 1602430 87.4251497005988
135738 1602591 87.4251497005988


166414 1602430 87.4251497005988
166577 1602591 87.4251497005988


1602430 135575 87.4251497005988
1602591 135738 87.4251497005988


1602430 166414 87.4251497005988
1602591 166577 87.4251497005988


1636443 217866 87.43961352657
1636639 218072 87.43961352657


1639429 220848 87.43961352657
1639625 221054 87.43961352657


217866 1636443 87.43961352657
218072 1636639 87.43961352657


220848 1639429 87.43961352657
221054 1639625 87.43961352657


111706 1463090 87.5432525951557
112275 1463660 87.5432525951557


1463090 111706 87.5432525951557
1463660 112275 87.5432525951557


1575854 189139 87.547580206634
1577655 190955 87.547580206634


1575854 172069 87.547580206634
1577655 173885 87.547580206634


172069 1575854 87.547580206634
173885 1577655 87.547580206634


189139 1575854 87.547580206634
190955 1577655 87.547580206634


349576 204213 87.6470588235294
350082 204721 87.6470588235294


353272 234201 87.6470588235294
353778 234709 87.6470588235294


204213 349576 87.6470588235294
204721 350082 87.6470588235294


234201 353272 87.6470588235294
234709 353778 87.6470588235294


139907 172801 87.7551020408163
140051 172939 87.7551020408163


139907 189871 87.7551020408163
140051 190009 87.7551020408163


172801 139907 87.7551020408163
172939 140051 87.7551020408163


189871 139907 87.7551020408163
190009 140051 87.7551020408163


185512 1486197 87.9432624113475
185650 1486326 87.9432624113475


185512 1516299 87.9432624113475
185650 1516428 87.9432624113475


202582 1486197 87.9432624113475
202720 1486326 87.9432624113475


202582 1516299 87.9432624113475
202720 1516428 87.9432624113475


1486197 202582 87.9432624113475
1486326 202720 87.9432624113475


1486197 185512 87.9432624113475
1486326 185650 87.9432624113475


1516299 185512 87.9432624113475
1516428 185650 87.9432624113475


1516299 202582 87.9432624113475
1516428 202720 87.9432624113475


1692164 1526953 87.9518072289157
1692329 1527118 87.9518072289157


1692164 1557294 87.9518072289157
1692329 1557459 87.9518072289157


1526953 1692164 87.9518072289157
1527118 1692329 87.9518072289157


1557294 1692164 87.9518072289157
1557459 1692329 87.9518072289157


1650730 1652120 88.0514705882353
1651268 1652656 88.0514705882353


1652120 1650730 88.0514705882353
1652656 1651268 88.0514705882353


5019 208771 88.0903490759754
5503 209257 88.0903490759754


28208 229663 88.0903490759754
28692 230149 88.0903490759754


62592 208771 88.0903490759754
63076 209257 88.0903490759754


208771 5019 88.0903490759754
209257 5503 88.0903490759754


208771 62592 88.0903490759754
209257 63076 88.0903490759754


229663 28208 88.0903490759754
230149 28692 88.0903490759754


135575 425878 88.0952380952381
135738 426042 88.0952380952381


135575 395022 88.0952380952381
135738 395186 88.0952380952381


166414 425878 88.0952380952381
166577 426042 88.0952380952381


166414 395022 88.0952380952381
166577 395186 88.0952380952381


395022 135575 88.0952380952381
395186 135738 88.0952380952381


395022 166414 88.0952380952381
395186 166577 88.0952380952381


425878 166414 88.0952380952381
426042 166577 88.0952380952381


425878 135575 88.0952380952381
426042 135738 88.0952380952381


1688846 1484151 88.2352941176471
1689015 1484320 88.2352941176471


1688846 1514253 88.2352941176471
1689015 1514422 88.2352941176471


1484151 1688846 88.2352941176471
1484320 1689015 88.2352941176471


1514253 1688846 88.2352941176471
1514422 1689015 88.2352941176471


111706 1493177 88.2556131260795
112275 1493751 88.2556131260795


1493177 111706 88.2556131260795
1493751 112275 88.2556131260795


347411 232698 88.28125
348815 234095 88.28125


354539 204827 88.28125
355943 206223 88.28125


204827 354539 88.28125
206223 355943 88.28125


232698 347411 88.28125
234095 348815 88.28125


395470 1551115 88.3040935672515
395981 1551627 88.3040935672515


1551115 395470 88.3040935672515
1551627 395981 88.3040935672515


1691998 174882 88.3333333333333
1692177 175061 88.3333333333333


1691998 191952 88.3333333333333
1692177 192131 88.3333333333333


174882 1691998 88.3333333333333
175061 1692177 88.3333333333333


191952 1691998 88.3333333333333
192131 1692177 88.3333333333333


185516 1520523 88.5608856088561
185783 1520788 88.5608856088561


202586 1520523 88.5608856088561
202853 1520788 88.5608856088561


1520523 202586 88.5608856088561
1520788 202853 88.5608856088561


1520523 185516 88.5608856088561
1520788 185783 88.5608856088561


587602 587767 88.5714285714286
587811 587976 88.5714285714286


587767 587602 88.5714285714286
587976 587811 88.5714285714286


320476 256203 88.5775862068966
320938 256663 88.5775862068966


326839 239090 88.5775862068966
327301 239550 88.5775862068966


239090 326839 88.5775862068966
239550 327301 88.5775862068966


256203 320476 88.5775862068966
256663 320938 88.5775862068966


133228 1688850 88.622754491018
133394 1689016 88.622754491018


164066 1688850 88.622754491018
164232 1689016 88.622754491018


1688850 133228 88.622754491018
1689016 133394 88.622754491018


1688850 164066 88.622754491018
1689016 164232 88.622754491018


51075 54014 88.6617100371747
51612 54550 88.6617100371747


54014 51075 88.6617100371747
54550 51612 88.6617100371747


587602 587800 88.7005649717514
587778 587976 88.7005649717514


587800 587602 88.7005649717514
587976 587778 88.7005649717514


1689002 1689056 88.7096774193548
1689123 1689177 88.7096774193548


1689056 1689002 88.7096774193548
1689177 1689123 88.7096774193548


1691861 1692056 88.7096774193548
1691982 1692177 88.7096774193548


1692002 1692056 88.7096774193548
1692123 1692177 88.7096774193548


1692056 1691861 88.7096774193548
1692177 1691982 88.7096774193548


1692056 1692002 88.7096774193548
1692177 1692123 88.7096774193548


352098 49604 88.792194092827
355880 53379 88.792194092827


49604 352098 88.792194092827
53379 355880 88.792194092827


370195 174393 88.809946714032
370756 174954 88.809946714032


370195 191463 88.809946714032
370756 192024 88.809946714032


401053 191463 88.809946714032
401614 192024 88.809946714032


401053 174393 88.809946714032
401614 174954 88.809946714032


174393 370195 88.809946714032
174954 370756 88.809946714032


174393 401053 88.809946714032
174954 401614 88.809946714032


191463 401053 88.809946714032
192024 401614 88.809946714032


191463 370195 88.809946714032
192024 370756 88.809946714032


347474 37907 88.8215133139995
351257 41684 88.8215133139995


37907 347474 88.8215133139995
41684 351257 88.8215133139995


1605954 1554353 88.8362295945234
1607826 1556235 88.8362295945234


1605954 1524013 88.8362295945234
1607826 1525894 88.8362295945234


1524013 1605954 88.8362295945234
1525894 1607826 88.8362295945234


1554353 1605954 88.8362295945234
1556235 1607826 88.8362295945234


36735 39676 88.8475836431227
37272 40213 88.8475836431227


39676 36735 88.8475836431227
40213 37272 88.8475836431227


1448322 1523465 88.9390519187359
1448763 1523907 88.9390519187359


1448322 1553805 88.9390519187359
1448763 1554247 88.9390519187359


1457014 1523465 88.9390519187359
1457455 1523907 88.9390519187359


1457014 1553805 88.9390519187359
1457455 1554247 88.9390519187359


171460 1457014 88.9390519187359
171902 1457455 88.9390519187359


171460 1448322 88.9390519187359
171902 1448763 88.9390519187359


188530 1448322 88.9390519187359
188972 1448763 88.9390519187359


188530 1457014 88.9390519187359
188972 1457455 88.9390519187359


1523465 1448322 88.9390519187359
1523907 1448763 88.9390519187359


1523465 1457014 88.9390519187359
1523907 1457455 88.9390519187359


1553805 1448322 88.9390519187359
1554247 1448763 88.9390519187359


1553805 1457014 88.9390519187359
1554247 1457455 88.9390519187359


1448322 171460 88.9390519187359
1448763 171902 88.9390519187359


1448322 188530 88.9390519187359
1448763 188972 88.9390519187359


1457014 188530 88.9390519187359
1457455 188972 88.9390519187359


1457014 171460 88.9390519187359
1457455 171902 88.9390519187359


1605954 172008 89.0649762282092
1607826 173885 89.0649762282092


1605954 189078 89.0649762282092
1607826 190955 89.0649762282092


172008 1605954 89.0649762282092
173885 1607826 89.0649762282092


189078 1605954 89.0649762282092
190955 1607826 89.0649762282092


1602430 1486197 89.1304347826087
1602567 1486328 89.1304347826087


1602430 1516299 89.1304347826087
1602567 1516430 89.1304347826087


1486197 1602430 89.1304347826087
1486328 1602567 89.1304347826087


1516299 1602430 89.1304347826087
1516430 1602567 89.1304347826087


1689986 323295 89.1735537190083
1691193 324481 89.1735537190083


323295 1689986 89.1735537190083
324481 1691193 89.1735537190083


587596 587662 89.2063492063492
587910 587976 89.2063492063492


587662 587596 89.2063492063492
587976 587910 89.2063492063492


398268 1448322 89.3905191873589
398710 1448763 89.3905191873589


398268 1457014 89.3905191873589
398710 1457455 89.3905191873589


1448322 398268 89.3905191873589
1448763 398710 89.3905191873589


1457014 398268 89.3905191873589
1457455 398710 89.3905191873589


1660522 323295 89.3951946975973
1661726 324481 89.3951946975973


323295 1660522 89.3951946975973
324481 1661726 89.3951946975973


139907 1524803 89.8550724637681
140042 1524934 89.8550724637681


139907 1555144 89.8550724637681
140042 1555275 89.8550724637681


1524803 139907 89.8550724637681
1524934 140042 89.8550724637681


1555144 139907 89.8550724637681
1555275 140042 89.8550724637681


52039 204827 89.9849774661993
54017 206809 89.9849774661993


204827 52039 89.9849774661993
206809 54017 89.9849774661993


232111 37269 90.0851276915373
234095 39248 90.0851276915373


37269 232111 90.0900900900901
39248 234095 90.0900900900901


15100 256510 90.1826484018265
15533 256945 90.1826484018265


18174 238808 90.1826484018265
18607 239243 90.1826484018265


238808 18174 90.1826484018265
239243 18607 90.1826484018265


256510 15100 90.1826484018265
256945 15533 90.1826484018265


40523 234718 90.2298850574713
40695 234890 90.2298850574713


50593 204032 90.2298850574713
50765 204204 90.2298850574713


204032 50593 90.2298850574713
204204 50765 90.2298850574713


234718 40523 90.2298850574713
234890 40695 90.2298850574713


368059 1554454 90.2527075812274
369425 1555830 90.2527075812274


368059 1524114 90.2527075812274
369425 1525489 90.2527075812274


1524114 368059 90.2527075812274
1525489 369425 90.2527075812274


1554454 368059 90.2527075812274
1555830 369425 90.2527075812274


368059 172109 90.4693140794224
369425 173481 90.4693140794224


368059 189179 90.4693140794224
369425 190551 90.4693140794224


172109 368059 90.4693140794224
173481 369425 90.4693140794224


189179 368059 90.4693140794224
190551 369425 90.4693140794224


1632586 1516291 90.4761904761905
1632711 1516410 90.4761904761905


1632586 1486189 90.4761904761905
1632711 1486308 90.4761904761905


1486189 1632586 90.4761904761905
1486308 1632711 90.4761904761905


1516291 1632586 90.4761904761905
1516410 1632711 90.4761904761905


1445985 1550085 90.6110283159464
1446655 1550755 90.6110283159464


1550085 1445985 90.6110283159464
1550755 1446655 90.6110283159464


353596 54035 90.6130268199234
354117 54555 90.6130268199234


54035 353596 90.6130268199234
54555 354117 90.6130268199234


396948 1522144 90.6789755807028
400283 1525489 90.6789755807028


1522144 396948 90.6789755807028
1525489 400283 90.6789755807028


1454656 1550065 90.7380607814761
1455346 1550755 90.7380607814761


1550065 1454656 90.7380607814761
1550755 1455346 90.7380607814761


396948 1552485 90.7628128724672
400283 1555830 90.7628128724672


1552485 396948 90.7628128724672
1555830 400283 90.7628128724672


349237 36730 90.8235294117647
349661 37153 90.8235294117647


36730 349237 90.8235294117647
37153 349661 90.8235294117647


306951 216316 90.8713692946058
307428 216796 90.8713692946058


340352 222124 90.8713692946058
340829 222604 90.8713692946058


362526 216316 90.8713692946058
363003 216796 90.8713692946058


216316 306951 90.8713692946058
216796 307428 90.8713692946058


216316 362526 90.8713692946058
216796 363003 90.8713692946058


222124 340352 90.8713692946058
222604 340829 90.8713692946058


1577976 191480 90.9090909090909
1578492 191975 90.9090909090909


1577976 174410 90.9090909090909
1578492 174905 90.9090909090909


1608147 191480 90.9090909090909
1608663 191975 90.9090909090909


1608147 174410 90.9090909090909
1608663 174905 90.9090909090909


174410 1577976 90.9090909090909
174905 1578492 90.9090909090909


174410 1608147 90.9090909090909
174905 1608663 90.9090909090909


191480 1608147 90.9090909090909
191975 1608663 90.9090909090909


191480 1577976 90.9090909090909
191975 1578492 90.9090909090909


1692023 191869 90.9677419354839
1692177 192023 90.9677419354839


1692023 174799 90.9677419354839
1692177 174953 90.9677419354839


174799 1692023 90.9677419354839
174953 1692177 90.9677419354839


191869 1692023 90.9677419354839
192023 1692177 90.9677419354839


306806 256284 90.9796314258002
307830 257306 90.9796314258002


339950 238447 90.9796314258002
340974 239469 90.9796314258002


362381 256284 90.9796314258002
363405 257306 90.9796314258002


238447 339950 90.9796314258002
239469 340974 90.9796314258002


256284 362381 90.9796314258002
257306 363405 90.9796314258002


256284 306806 90.9796314258002
257306 307830 90.9796314258002


76872 215097 91.1347517730496
77716 215925 91.1347517730496


77995 222995 91.1347517730496
78839 223823 91.1347517730496


215097 76872 91.1347517730496
215925 77716 91.1347517730496


222995 77995 91.1347517730496
223823 78839 91.1347517730496


1601665 1445985 91.2071535022355
1602335 1446655 91.2071535022355


1631833 1445985 91.2071535022355
1632503 1446655 91.2071535022355


1445985 1631833 91.2071535022355
1446655 1632503 91.2071535022355


1445985 1601665 91.2071535022355
1446655 1602335 91.2071535022355


76101 214056 91.2359550561798
76544 214500 91.2359550561798


79167 224420 91.2359550561798
79610 224864 91.2359550561798


214056 76101 91.2359550561798
214500 76544 91.2359550561798


224420 79167 91.2359550561798
224864 79610 91.2359550561798


139907 368748 91.2408759124088
140042 368880 91.2408759124088


139907 399606 91.2408759124088
140042 399738 91.2408759124088


368748 139907 91.2408759124088
368880 140042 91.2408759124088


399606 139907 91.2408759124088
399738 140042 91.2408759124088


165864 1515754 91.2947251936555
168541 1518433 91.2947251936555


165864 1485652 91.2947251936555
168541 1488331 91.2947251936555


1485652 165864 91.2947251936555
1488331 168541 91.2947251936555


1515754 165864 91.2947251936555
1518433 168541 91.2947251936555


1601645 1454656 91.3169319826339
1602335 1455346 91.3169319826339


1631813 1454656 91.3169319826339
1632503 1455346 91.3169319826339


1454656 1601645 91.3169319826339
1455346 1602335 91.3169319826339


1454656 1631813 91.3169319826339
1455346 1632503 91.3169319826339


199520 1547789 91.3388055476932
203041 1551279 91.3388055476932


1547789 199520 91.3388055476932
1551279 203041 91.3388055476932


135027 1485652 91.3990402362495
137703 1488331 91.3990402362495


135027 1515754 91.3990402362495
137703 1518433 91.3990402362495


1485652 135027 91.3990402362495
1488331 137703 91.3990402362495


1515754 135027 91.3990402362495
1518433 137703 91.3990402362495


320706 216318 91.4163090128755
320938 216550 91.4163090128755


326839 222370 91.4163090128755
327071 222602 91.4163090128755


216318 320706 91.4163090128755
216550 320938 91.4163090128755


222370 326839 91.4163090128755
222602 327071 91.4163090128755


182505 1547844 91.4606095457159
185971 1551279 91.4606095457159


1547844 182505 91.4606095457159
1551279 185971 91.4606095457159


307032 15100 91.9799498746867
307428 15498 91.9799498746867


340352 18209 91.9799498746867
340748 18607 91.9799498746867


362607 15100 91.9799498746867
363003 15498 91.9799498746867


15100 307032 91.9799498746867
15498 307428 91.9799498746867


15100 362607 91.9799498746867
15498 363003 91.9799498746867


18209 340352 91.9799498746867
18607 340748 91.9799498746867


184747 1445985 92.1013412816691
185417 1446655 92.1013412816691


201817 1445985 92.1013412816691
202487 1446655 92.1013412816691


1445985 201817 92.1013412816691
1446655 202487 92.1013412816691


1445985 184747 92.1013412816691
1446655 185417 92.1013412816691


184727 1454656 92.1852387843705
185417 1455346 92.1852387843705


201797 1454656 92.1852387843705
202487 1455346 92.1852387843705


1454656 201797 92.1852387843705
1455346 202487 92.1852387843705


1454656 184727 92.1852387843705
1455346 185417 92.1852387843705


135575 202582 92.2155688622755
135738 202746 92.2155688622755


135575 185512 92.2155688622755
135738 185676 92.2155688622755


166414 202582 92.2155688622755
166577 202746 92.2155688622755


166414 185512 92.2155688622755
166577 185676 92.2155688622755


185512 135575 92.2155688622755
185676 135738 92.2155688622755


185512 166414 92.2155688622755
185676 166577 92.2155688622755


202582 166414 92.2155688622755
202746 166577 92.2155688622755


202582 135575 92.2155688622755
202746 135738 92.2155688622755


395026 1520523 92.3694779116466
395273 1520769 92.3694779116466


425882 1520523 92.3694779116466
426129 1520769 92.3694779116466


587596 587728 92.3694779116466
587844 587976 92.3694779116466


587728 587596 92.3694779116466
587976 587844 92.3694779116466


1520523 395026 92.3694779116466
1520769 395273 92.3694779116466


1520523 425882 92.3694779116466
1520769 426129 92.3694779116466


426326 1551115 92.462311557789
426722 1551511 92.462311557789


1551115 426326 92.462311557789
1551511 426722 92.462311557789


182052 1546725 92.511013215859
182505 1547169 92.511013215859


199122 1546725 92.511013215859
199575 1547169 92.511013215859


1546725 199122 92.511013215859
1547169 199575 92.511013215859


1546725 182052 92.511013215859
1547169 182505 92.511013215859


394257 1445985 92.548435171386
394927 1446655 92.548435171386


425113 1445985 92.548435171386
425783 1446655 92.548435171386


1445985 425113 92.548435171386
1446655 425783 92.548435171386


1445985 394257 92.548435171386
1446655 394927 92.548435171386


395838 426749 92.5925925925926
396026 426936 92.5925925925926


426749 395838 92.5925925925926
426936 396026 92.5925925925926


394237 1454656 92.6193921852388
394927 1455346 92.6193921852388


425093 1454656 92.6193921852388
425783 1455346 92.6193921852388


1454656 394237 92.6193921852388
1455346 394927 92.6193921852388


1454656 425093 92.6193921852388
1455346 425783 92.6193921852388


15100 216397 92.6640926640927
15615 216913 92.6640926640927


18092 222007 92.6640926640927
18607 222523 92.6640926640927


216397 15100 92.6640926640927
216913 15615 92.6640926640927


222007 18092 92.6640926640927
222523 18607 92.6640926640927


170801 1522806 92.7040693474597
174900 1526934 92.7040693474597


187871 1522806 92.7040693474597
191970 1526934 92.7040693474597


1522806 170801 92.7040693474597
1526934 174900 92.7040693474597


1522806 187871 92.7040693474597
1526934 191970 92.7040693474597


170801 1553146 92.7281483265109
174900 1557275 92.7281483265109


187871 1553146 92.7281483265109
191970 1557275 92.7281483265109


1553146 170801 92.7281483265109
1557275 174900 92.7281483265109


1553146 187871 92.7281483265109
1557275 191970 92.7281483265109


391992 199551 92.7365883062086
395300 202862 92.7365883062086


391992 182481 92.7365883062086
395300 185792 92.7365883062086


422848 182481 92.7365883062086
426156 185792 92.7365883062086


422848 199551 92.7365883062086
426156 202862 92.7365883062086


182481 422848 92.7365883062086
185792 426156 92.7365883062086


182481 391992 92.7365883062086
185792 395300 92.7365883062086


199551 391992 92.7365883062086
202862 395300 92.7365883062086


199551 422848 92.7365883062086
202862 426156 92.7365883062086


306839 320591 92.816091954023
307183 320938 92.816091954023


320591 306839 92.816091954023
320938 307183 92.816091954023


320591 362414 92.816091954023
320938 362758 92.816091954023


326839 340597 92.816091954023
327186 340941 92.816091954023


340597 326839 92.816091954023
340941 327186 92.816091954023


362414 320591 92.816091954023
362758 320938 92.816091954023


320785 15100 92.8571428571429
320938 15252 92.8571428571429


326839 18455 92.8571428571429
326992 18607 92.8571428571429


15100 320785 92.8571428571429
15252 320938 92.8571428571429


18455 326839 92.8571428571429
18607 326992 92.8571428571429


1577976 1526444 92.896174863388
1578341 1526809 92.896174863388


1577976 1556785 92.896174863388
1578341 1557150 92.896174863388


1608147 1526444 92.896174863388
1608512 1526809 92.896174863388


1608147 1556785 92.896174863388
1608512 1557150 92.896174863388


1526444 1608147 92.896174863388
1526809 1608512 92.896174863388


1526444 1577976 92.896174863388
1526809 1578341 92.896174863388


1556785 1608147 92.896174863388
1557150 1608512 92.896174863388


1556785 1577976 92.896174863388
1557150 1578341 92.896174863388


306806 240010 92.96
307428 240634 92.96


340352 255119 92.96
340974 255743 92.96


362381 240010 92.96
363003 240634 92.96


240010 362381 92.96
240634 363003 92.96


240010 306806 92.96
240634 307428 92.96


255119 340352 92.96
255743 340974 92.96


1603413 169461 93.0693069306931
1603614 169662 93.0693069306931


169461 1603413 93.0693069306931
169662 1603614 93.0693069306931


370014 1607952 93.0851063829787
370577 1608512 93.0851063829787


370014 1577781 93.0851063829787
370577 1578341 93.0851063829787


400872 1577781 93.0851063829787
401435 1578341 93.0851063829787


400872 1607952 93.0851063829787
401435 1608512 93.0851063829787


1577781 370014 93.0851063829787
1578341 370577 93.0851063829787


1577781 400872 93.0851063829787
1578341 401435 93.0851063829787


1607952 400872 93.0851063829787
1608512 401435 93.0851063829787


1607952 370014 93.0851063829787
1608512 370577 93.0851063829787


408405 1564116 93.1013950323239
420133 1575851 93.1013950323239


1564116 408405 93.1013950323239
1575851 420133 93.1013950323239


377547 1564116 93.1104873692268
389277 1575851 93.1104873692268


1564116 377547 93.1104873692268
1575851 389277 93.1104873692268


408405 1533775 93.1160930077506
420375 1545755 93.1160930077506


1533775 408405 93.1160930077506
1545755 420375 93.1160930077506


377547 1533775 93.125
389519 1545755 93.125


1533775 377547 93.125
1545755 389519 93.125


238808 255084 93.1543624161074
239550 255824 93.1543624161074


239929 256203 93.1543624161074
240669 256945 93.1543624161074


255084 238808 93.1543624161074
255824 239550 93.1543624161074


256203 239929 93.1543624161074
256945 240669 93.1543624161074


397599 170791 93.1557528671846
400283 173481 93.1557528671846


397599 187861 93.1557528671846
400283 190551 93.1557528671846


170791 397599 93.1557528671846
173481 400283 93.1557528671846


187861 397599 93.1557528671846
190551 400283 93.1557528671846


1638282 181445 93.2806324110672
1638532 181697 93.2806324110672


1638282 198515 93.2806324110672
1638532 198767 93.2806324110672


181445 1638282 93.2806324110672
181697 1638532 93.2806324110672


198515 1638282 93.2806324110672
198767 1638532 93.2806324110672


1629543 199520 93.3550311906699
1633213 203196 93.3550311906699


1629543 182450 93.3550311906699
1633213 186126 93.3550311906699


182450 1629543 93.3550311906699
186126 1633213 93.3550311906699


199520 1629543 93.3550311906699
203196 1633213 93.3550311906699


110204 211826 93.364299933643
111705 213326 93.364299933643


211826 110204 93.364299933643
213326 111705 93.364299933643


1629393 1547642 93.4782608695652
1632871 1551122 93.4782608695652


216316 240155 93.4782608695652
216912 240750 93.4782608695652


222008 255003 93.4782608695652
222604 255598 93.4782608695652


240155 216316 93.4782608695652
240750 216912 93.4782608695652


255003 222008 93.4782608695652
255598 222604 93.4782608695652


1547642 1629393 93.4782608695652
1551122 1632871 93.4782608695652


73707 211826 93.4948407357559
75927 214042 93.4948407357559


211826 73707 93.4948407357559
214042 75927 93.4948407357559


1691857 1578556 93.4959349593496
1691979 1578678 93.4959349593496


1691857 1608727 93.4959349593496
1691979 1608849 93.4959349593496


1578556 1691857 93.4959349593496
1578678 1691979 93.4959349593496


1608727 1691857 93.4959349593496
1608849 1691979 93.4959349593496


79784 224878 93.5397039030956
82005 227094 93.5397039030956


224878 79784 93.5397039030956
227094 82005 93.5397039030956


1599375 182450 93.6141304347826
1603041 186126 93.6141304347826


1599375 199520 93.6141304347826
1603041 203196 93.6141304347826


182450 1599375 93.6141304347826
186126 1603041 93.6141304347826


199520 1599375 93.6141304347826
203196 1603041 93.6141304347826


1599225 1547642 93.6353211009174
1602698 1551122 93.6353211009174


1547642 1599225 93.6353211009174
1551122 1602698 93.6353211009174


131219 1482145 93.7906137184115
133933 1484881 93.7906137184115


131219 1512247 93.7906137184115
133933 1514983 93.7906137184115


162057 1482145 93.7906137184115
164771 1484881 93.7906137184115


162057 1512247 93.7906137184115
164771 1514983 93.7906137184115


1482145 131219 93.7906137184115
1484881 133933 93.7906137184115


1482145 162057 93.7906137184115
1484881 164771 93.7906137184115


1512247 131219 93.7906137184115
1514983 133933 93.7906137184115


1512247 162057 93.7906137184115
1514983 164771 93.7906137184115


1576594 1490548 93.8053097345133
1576706 1490657 93.8053097345133


1606765 1490548 93.8053097345133
1606877 1490657 93.8053097345133


1490548 1576594 93.8053097345133
1490657 1576706 93.8053097345133


1490548 1606765 93.8053097345133
1490657 1606877 93.8053097345133


370195 1556768 93.8976377952756
