#-- reverse hits sorted by %sim
0 0 0
0 0 0


1915115 1934637 72.3735408560311
1915371 1934442 72.3735408560311


313916 318493 78.9036544850498
314415 317898 78.9036544850498


318920 323497 78.9036544850498
319515 322998 78.9036544850498


1569905 209419 78.9173789173789
1570602 208722 78.9173789173789


1590459 181484 78.9173789173789
1591156 180787 78.9173789173789


208722 1570602 78.9173789173789
209419 1569905 78.9173789173789


1590459 162532 78.9173789173789
1591156 161835 78.9173789173789


180787 1591156 78.9473684210526
181484 1590459 78.9473684210526


161835 1591156 78.9473684210526
162532 1590459 78.9473684210526


257269 398170 79.967689822294
257885 397555 79.967689822294


257269 388784 79.967689822294
257885 388169 79.967689822294


388169 257885 79.967689822294
388784 257269 79.967689822294


397555 257885 79.967689822294
398170 257269 79.967689822294


278497 1664407 80.1457194899818
278983 1663862 80.1457194899818


300586 1656957 80.1457194899818
301072 1656412 80.1457194899818


336340 1664407 80.1457194899818
336826 1663862 80.1457194899818


1656412 301072 80.1457194899818
1656957 300586 80.1457194899818


1663862 336826 80.1457194899818
1664407 336340 80.1457194899818


1663862 278983 80.1457194899818
1664407 278497 80.1457194899818


1825984 260273 80.3964757709251
1826433 259824 80.3964757709251


1856636 260273 80.3964757709251
1857085 259824 80.3964757709251


259824 1826433 80.3964757709251
260273 1825984 80.3964757709251


259824 1857085 80.3964757709251
260273 1856636 80.3964757709251


390590 103883 81.283422459893
391707 102784 81.283422459893


390590 134106 81.283422459893
391707 133007 81.283422459893


102784 391707 81.283422459893
103883 390590 81.283422459893


133007 391707 81.283422459893
134106 390590 81.283422459893


390948 1655649 81.3559322033898
391644 1654959 81.3559322033898


292880 1434416 81.3953488372093
293050 1434246 81.3953488372093


1434246 293050 81.3953488372093
1434416 292880 81.3953488372093


1555827 193826 81.4298978644382
1556899 192757 81.4298978644382


192757 1556899 81.4298978644382
193826 1555827 81.4298978644382


1913454 1655598 81.5457413249211
1914076 1654970 81.5457413249211


1654970 1914076 81.5457413249211
1655598 1913454 81.5457413249211


1654959 391644 81.5602836879433
1655649 390948 81.5602836879433


1545 1710006 81.7073170731707
1948 1709606 81.7073170731707


31844 1710006 81.7073170731707
32247 1709606 81.7073170731707


1709606 32247 81.7073170731707
1710006 31844 81.7073170731707


1709606 1948 81.7073170731707
1710006 1545 81.7073170731707


24360 1391815 81.9620253164557
24983 1391184 81.9620253164557


1391184 24983 81.9620253164557
1391815 24360 81.9620253164557


23002 1387670 81.9672131147541
23183 1387490 81.9672131147541


1387490 23183 81.9672131147541
1387670 23002 81.9672131147541


286519 1393313 81.9767441860465
286689 1393143 81.9767441860465


344360 1393313 81.9767441860465
344530 1393143 81.9767441860465


350721 1434416 81.9767441860465
350891 1434246 81.9767441860465


1393143 286689 81.9767441860465
1393313 286519 81.9767441860465


1393143 344530 81.9767441860465
1393313 344360 81.9767441860465


1434246 350891 81.9767441860465
1434416 350721 81.9767441860465


1889432 391707 82.051282051282
1890503 390618 82.051282051282


1941792 391707 82.051282051282
1942863 390618 82.051282051282


390618 1890503 82.051282051282
391707 1889432 82.051282051282


390618 1942863 82.051282051282
391707 1941792 82.051282051282


2029 1485799 82.1002386634845
2446 1485382 82.1002386634845


1485382 2446 82.1002386634845
1485799 2029 82.1002386634845


259823 1383243 82.1529745042493
260519 1382545 82.1529745042493


1382545 260519 82.1529745042493
1383243 259823 82.1529745042493


269798 314237 82.1969696969697
270565 313520 82.1969696969697


309004 323893 82.1969696969697
309771 323176 82.1969696969697


313520 328409 82.1969696969697
314237 327642 82.1969696969697


313520 270565 82.1969696969697
314237 269798 82.1969696969697


323176 309771 82.1969696969697
323893 309004 82.1969696969697


327642 314237 82.1969696969697
328409 313520 82.1969696969697


2032147 1369128 82.2047244094488
2032764 1368495 82.2047244094488


1368495 2032764 82.2047244094488
1369128 2032147 82.2047244094488


25925 1655370 82.2115384615385
26335 1654957 82.2115384615385


1654957 26335 82.2115384615385
1655370 25925 82.2115384615385


32345 1485782 82.3383084577114
32745 1485382 82.3383084577114


1485382 32745 82.3383084577114
1485782 32345 82.3383084577114


2029 1547038 82.3389021479714
2446 1546621 82.3389021479714


2029 1516153 82.3389021479714
2446 1515736 82.3389021479714


32328 1516153 82.3389021479714
32745 1515736 82.3389021479714


32328 1547038 82.3389021479714
32745 1546621 82.3389021479714


1515736 32745 82.3389021479714
1516153 32328 82.3389021479714


1515736 2446 82.3389021479714
1516153 2029 82.3389021479714


1546621 2446 82.3389021479714
1547038 2029 82.3389021479714


1546621 32745 82.3389021479714
1547038 32328 82.3389021479714


251442 1656016 82.5147347740668
251946 1655509 82.5147347740668


1655509 251946 82.5147347740668
1656016 251442 82.5147347740668


32346 251012 82.5436408977556
32745 250613 82.5436408977556


250613 32745 82.5436408977556
251012 32346 82.5436408977556


1976480 1968262 82.5595984943538
1977271 1967476 82.5595984943538


1967476 1977271 82.5814536340852
1968262 1976480 82.5814536340852


2044 251015 82.6732673267327
2446 250613 82.6732673267327


250613 2446 82.6732673267327
251015 2044 82.6732673267327


1934442 1915560 82.7450980392157
1934949 1915118 82.7450980392157


381915 1655305 82.9971181556196
382258 1654959 82.9971181556196


1654959 382258 82.9971181556196
1655305 381915 82.9971181556196


1836149 1484671 83.2446808510638
1836508 1484296 83.2446808510638


1866800 1484671 83.2446808510638
1867159 1484296 83.2446808510638


1484296 1867159 83.2446808510638
1484671 1866800 83.2446808510638


1484296 1836508 83.2446808510638
1484671 1836149 83.2446808510638


2032160 1998445 83.2585949177877
2032808 1997779 83.2585949177877


1997779 2032808 83.2585949177877
1998445 2032160 83.2585949177877


2062 24864 83.3746898263027
2461 24465 83.3746898263027


24465 32760 83.3746898263027
24864 32361 83.3746898263027


24465 2461 83.3746898263027
24864 2062 83.3746898263027


32361 24864 83.3746898263027
32760 24465 83.3746898263027


2012449 1976095 83.4080717488789
2013097 1975428 83.4080717488789


1975428 2013097 83.4080717488789
1976095 2012449 83.4080717488789


1562163 1434123 83.6909871244635
1562395 1433891 83.6909871244635


1433891 1562395 83.6909871244635
1434123 1562163 83.6909871244635


25368 1655939 83.7962962962963
25795 1655509 83.7962962962963


1655509 25795 83.7962962962963
1655939 25368 83.7962962962963


1826622 259593 84.1432225063939
1827000 259203 84.1432225063939


1857274 259593 84.1432225063939
1857652 259203 84.1432225063939


259203 1857652 84.1432225063939
259593 1857274 84.1432225063939


259203 1827000 84.1432225063939
259593 1826622 84.1432225063939


1525367 1826105 84.1688654353562
1525744 1825736 84.1688654353562


1525367 1856757 84.1688654353562
1525744 1856388 84.1688654353562


1494851 1856757 84.1688654353562
1495228 1856388 84.1688654353562


1494851 1826105 84.1688654353562
1495228 1825736 84.1688654353562


1980270 1366028 84.1954022988506
1980958 1365337 84.1954022988506


1365337 1980958 84.1954022988506
1366028 1980270 84.1954022988506


1825736 1525744 84.2105263157895
1826105 1525367 84.2105263157895


1856388 1525744 84.2105263157895
1856757 1525367 84.2105263157895


1825736 1495228 84.2105263157895
1826105 1494851 84.2105263157895


1856388 1495228 84.2105263157895
1856757 1494851 84.2105263157895


1519842 136395 84.2639593908629
1520038 136199 84.2639593908629


1550727 106172 84.2639593908629
1550923 105976 84.2639593908629


1550727 136395 84.2639593908629
1550923 136199 84.2639593908629


105976 1550923 84.2639593908629
106172 1550727 84.2639593908629


136199 1550923 84.2639593908629
136395 1550727 84.2639593908629


136199 1520038 84.2639593908629
136395 1519842 84.2639593908629


156083 380419 84.393063583815
156254 380247 84.393063583815


380247 156254 84.393063583815
380419 156083 84.393063583815


1519842 106172 84.4559585492228
1520034 105980 84.4559585492228


1032 397811 84.5864661654135
1296 397547 84.5864661654135


1032 388425 84.5864661654135
1296 388161 84.5864661654135


31331 397811 84.5864661654135
31595 397547 84.5864661654135


31331 388425 84.5864661654135
31595 388161 84.5864661654135


388161 1296 84.5864661654135
388425 1032 84.5864661654135


388161 31595 84.5864661654135
388425 31331 84.5864661654135


397547 31595 84.5864661654135
397811 31331 84.5864661654135


397547 1296 84.5864661654135
397811 1032 84.5864661654135


1392770 1545682 84.6031746031746
1393396 1545077 84.6031746031746


1392770 1514797 84.6031746031746
1393396 1514192 84.6031746031746


1466162 358458 84.6715328467153
1466702 357922 84.6715328467153


357922 1466702 84.6715328467153
358458 1466162 84.6715328467153


320262 314862 84.7503373819163
323185 312173 84.7503373819163


322551 317151 84.7503373819163
325240 314228 84.7503373819163


1519771 136412 84.7619047619048
1519980 136203 84.7619047619048


1519771 106189 84.7619047619048
1519980 105980 84.7619047619048


1550656 106189 84.7619047619048
1550865 105980 84.7619047619048


1550656 136412 84.7619047619048
1550865 136203 84.7619047619048


105980 1550865 84.7619047619048
106189 1550656 84.7619047619048


105980 1519980 84.7619047619048
106189 1519771 84.7619047619048


136203 1519980 84.7619047619048
136412 1519771 84.7619047619048


136203 1550865 84.7619047619048
136412 1550656 84.7619047619048


1568465 210859 84.7826086956522
1569355 209943 84.7826086956522


1591706 180263 84.7826086956522
1592596 179347 84.7826086956522


1591706 1630239 84.7826086956522
1592596 1629323 84.7826086956522


179347 1592596 84.7826086956522
180263 1591706 84.7826086956522


209943 1569355 84.7826086956522
210859 1568465 84.7826086956522


1629323 1592596 84.7826086956522
1630239 1591706 84.7826086956522


160395 1592596 84.7826086956522
161311 1591706 84.7826086956522


1591706 161311 84.7826086956522
1592596 160395 84.7826086956522


1580055 1662677 84.8484848484848
1580312 1662425 84.8484848484848


1580749 1658394 84.8484848484848
1581006 1658142 84.8484848484848


1658142 1581006 84.8484848484848
1658394 1580749 84.8484848484848


1662425 1580312 84.8484848484848
1662677 1580055 84.8484848484848


312173 323185 85.0050658561297
314862 320262 85.0050658561297


314228 325240 85.0050658561297
317151 322551 85.0050658561297


286519 1631968 85.0649350649351
286669 1631818 85.0649350649351


344360 1631968 85.0649350649351
344510 1631818 85.0649350649351


1631818 286669 85.0649350649351
1631968 286519 85.0649350649351


1631818 344510 85.0649350649351
1631968 344360 85.0649350649351


267504 315266 85.0871530019367
270565 312455 85.0871530019367


312455 270565 85.0871530019367
315266 267504 85.0871530019367


2052415 1991290 85.1116625310174
2053614 1990121 85.1116625310174


2069368 1983754 85.1116625310174
2070567 1982585 85.1116625310174


1990121 2053614 85.1116625310174
1991290 2052415 85.1116625310174


268070 314235 85.1288056206089
270565 311858 85.1288056206089


309004 325555 85.1288056206089
311499 323178 85.1288056206089


311858 328409 85.1288056206089
314235 325914 85.1288056206089


311858 270565 85.1288056206089
314235 268070 85.1288056206089


323178 311499 85.1288056206089
325555 309004 85.1288056206089


325914 314235 85.1288056206089
328409 311858 85.1288056206089


312745 323192 85.1581508515815
314235 321564 85.1581508515815


314221 324668 85.1581508515815
315849 323178 85.1581508515815


321564 314235 85.1581508515815
323192 312745 85.1581508515815


323178 315849 85.1581508515815
324668 314221 85.1581508515815


1631927 286680 85.2664576802508
1632242 286365 85.2664576802508


1631927 344521 85.2664576802508
1632242 344206 85.2664576802508


1513885 106540 85.2719665271967
1514991 105380 85.2719665271967


1513885 136763 85.2719665271967
1514991 135603 85.2719665271967


1544770 136763 85.2719665271967
1545876 135603 85.2719665271967


1544770 106540 85.2719665271967
1545876 105380 85.2719665271967


1913457 1942482 85.3932584269663
1914076 1941866 85.3932584269663


1913457 1890122 85.3932584269663
1914076 1889506 85.3932584269663


1889506 1914076 85.3932584269663
1890122 1913457 85.3932584269663


1941866 1914076 85.3932584269663
1942482 1913457 85.3932584269663


378930 198855 85.3982300884956
380049 197734 85.3982300884956


197734 380049 85.3982300884956
198855 378930 85.3982300884956


1387522 1434451 85.4166666666667
1387712 1434261 85.4166666666667


1434261 1387712 85.4166666666667
1434451 1387522 85.4166666666667


1933254 1687130 85.4922279792746
1933639 1686745 85.4922279792746


1926918 1864646 85.4922279792746
1927303 1864261 85.4922279792746


1926918 1833994 85.4922279792746
1927303 1833609 85.4922279792746


1686745 1933639 85.4922279792746
1687130 1933254 85.4922279792746


1833609 1927303 85.4922279792746
1833994 1926918 85.4922279792746


1864261 1927303 85.4922279792746
1864646 1926918 85.4922279792746


380247 175207 85.5491329479769
380419 175035 85.5491329479769


380247 1625183 85.5491329479769
380419 1625011 85.5491329479769


175035 380419 85.5491329479769
175207 380247 85.5491329479769


1625011 380419 85.5491329479769
1625183 380247 85.5491329479769


1834300 1437013 85.6269113149847
1835581 1435718 85.6269113149847


1864952 1437013 85.6269113149847
1866232 1435718 85.6269113149847


1435718 1866232 85.6269113149847
1437013 1864952 85.6269113149847


1435718 1835581 85.6269113149847
1437013 1834300 85.6269113149847


2052415 1992354 85.6525496974935
2053562 1991234 85.6525496974935


2069420 1982641 85.6525496974935
2070567 1981521 85.6525496974935


1991234 2053562 85.6525496974935
1992354 2052415 85.6525496974935


1981521 2070567 85.6600189933523
1982537 2069520 85.6600189933523


104151 1386962 85.7142857142857
104328 1386782 85.7142857142857


134374 1386962 85.7142857142857
134551 1386782 85.7142857142857


1386782 134551 85.7142857142857
1386962 134374 85.7142857142857


1386782 104328 85.7142857142857
1386962 104151 85.7142857142857


1789439 1801920 85.781990521327
1789841 1801499 85.781990521327


1790460 1802941 85.781990521327
1790881 1802539 85.781990521327


1801499 1789841 85.781990521327
1801920 1789439 85.781990521327


1802539 1790881 85.781990521327
1802941 1790460 85.781990521327


1926918 1390243 85.7881136950904
1927303 1389858 85.7881136950904


1389858 1927303 85.7881136950904
1390243 1926918 85.7881136950904


2018782 1579362 85.8880778588808
2019187 1578952 85.8880778588808


2026070 1582109 85.8880778588808
2026475 1581699 85.8880778588808


1578952 2019187 85.8880778588808
1579362 2018782 85.8880778588808


1581699 2026475 85.8880778588808
1582109 2026070 85.8880778588808


242631 1869465 85.9134615384615
244685 1867410 85.9134615384615


1867410 244685 85.9134615384615
1869465 242631 85.9134615384615


99793 1391296 85.9154929577465
99934 1391162 85.9154929577465


130016 1391296 85.9154929577465
130157 1391162 85.9154929577465


1391162 130157 85.9154929577465
1391296 130016 85.9154929577465


1391162 99934 85.9154929577465
1391296 99793 85.9154929577465


1514222 1393312 85.9375
1514797 1392770 85.9375


1545107 1393312 85.9375
1545682 1392770 85.9375


1933256 1548453 85.9375
1933639 1548070 85.9375


1933256 1517568 85.9375
1933639 1517185 85.9375


1517185 1933639 85.9375
1517568 1933256 85.9375


1548070 1933639 85.9375
1548453 1933256 85.9375


380663 197129 85.9416445623342
381415 196380 85.9416445623342


196380 381415 85.9416445623342
197129 380663 85.9416445623342


1982585 2070567 85.9449192782526
1983601 2069520 85.9449192782526


1831230 254781 85.952380952381
1831648 254365 85.952380952381


1861882 254781 85.952380952381
1862300 254365 85.952380952381


254365 1831648 85.952380952381
254781 1831230 85.952380952381


254365 1862300 85.952380952381
254781 1861882 85.952380952381


105380 1514991 86.0134003350084
106540 1513885 86.0134003350084


105380 1545876 86.0134003350084
106540 1544770 86.0134003350084


135603 1545876 86.0134003350084
136763 1544770 86.0134003350084


135603 1514991 86.0134003350084
136763 1513885 86.0134003350084


1489019 1388047 86.0635696821516
1489423 1387643 86.0635696821516


1387643 1489423 86.0635696821516
1388047 1489019 86.0635696821516


267504 314219 86.1518825781748
270565 311294 86.1518825781748


311294 270565 86.1518825781748
314219 267504 86.1518825781748


1961232 1464986 86.1702127659574
1961419 1464803 86.1702127659574


1464803 1961419 86.1702127659574
1464986 1961232 86.1702127659574


309004 326119 86.2090880203368
312078 323181 86.2090880203368


311294 328409 86.2090880203368
314232 325335 86.2090880203368


323181 312078 86.2090880203368
326119 309004 86.2090880203368


325335 314232 86.2090880203368
328409 311294 86.2090880203368


269218 314232 86.2371888726208
270565 312962 86.2371888726208


309004 324451 86.2371888726208
310351 323181 86.2371888726208


312962 270565 86.2371888726208
314232 269218 86.2371888726208


312962 328409 86.2371888726208
314232 327062 86.2371888726208


323181 310351 86.2371888726208
324451 309004 86.2371888726208


327062 314232 86.2371888726208
328409 312962 86.2371888726208


381915 103190 86.2745098039216
382321 102784 86.2745098039216


381915 133413 86.2745098039216
382321 133007 86.2745098039216


102784 382321 86.2745098039216
103190 381915 86.2745098039216


133007 382321 86.2745098039216
133413 381915 86.2745098039216


175217 198050 86.3057324840764
175529 197738 86.3057324840764


192155 214989 86.3057324840764
192467 214677 86.3057324840764


197738 175529 86.3057324840764
198050 175217 86.3057324840764


214677 192467 86.3057324840764
214989 192155 86.3057324840764


156264 198050 86.3057324840764
156576 197738 86.3057324840764


1625193 198050 86.3057324840764
1625505 197738 86.3057324840764


197738 1625505 86.3057324840764
198050 1625193 86.3057324840764


197738 156576 86.3057324840764
198050 156264 86.3057324840764


1890046 1517057 86.3207547169811
1891515 1515590 86.3207547169811


1890046 1547942 86.3207547169811
1891515 1546475 86.3207547169811


1942406 1547942 86.3207547169811
1943875 1546475 86.3207547169811


1942406 1517057 86.3207547169811
1943875 1515590 86.3207547169811


1515590 1891515 86.3207547169811
1517057 1890046 86.3207547169811


1546475 1891515 86.3207547169811
1547942 1890046 86.3207547169811


1515590 1943875 86.3207547169811
1517057 1942406 86.3207547169811


1546475 1943875 86.3207547169811
1547942 1942406 86.3207547169811


106012 1520002 86.3354037267081
106172 1519842 86.3354037267081


2017039 1583794 86.3509749303621
2017750 1583080 86.3509749303621


2027507 1577981 86.3509749303621
2028218 1577267 86.3509749303621


1577267 2028218 86.3509749303621
1577981 2027507 86.3509749303621


1583080 2017750 86.3509749303621
1583794 2017039 86.3509749303621


309004 324958 86.4379736737136
313875 320262 86.4379736737136


312455 328409 86.4379736737136
317151 323538 86.4379736737136


320262 313875 86.4379736737136
324958 309004 86.4379736737136


323538 317151 86.4379736737136
328409 312455 86.4379736737136


1933256 252447 86.4583333333333
1933639 252064 86.4583333333333


252064 1933639 86.4583333333333
252447 1933256 86.4583333333333


1709608 1523903 86.4864864864865
1710006 1523501 86.4864864864865


1492985 1710006 86.4864864864865
1493387 1709608 86.4864864864865


1523501 1710006 86.4864864864865
1523903 1709608 86.4864864864865


1709608 1493387 86.4864864864865
1710006 1492985 86.4864864864865


156877 378972 86.4922206506365
158278 377568 86.4922206506365


377568 158278 86.4922206506365
378972 156877 86.4922206506365


105376 23737 86.5217391304348
106064 23064 86.5217391304348


135599 23737 86.5217391304348
136287 23064 86.5217391304348


242631 1695764 86.6322887742959
245116 1693268 86.6322887742959


1693268 245116 86.6322887742959
1695764 242631 86.6322887742959


1709605 1693217 86.6504854368932
1710006 1692813 86.6504854368932


1692813 1710006 86.6504854368932
1693217 1709605 86.6504854368932


1983638 1992365 86.6612111292962
1984850 1991179 86.6612111292962


1989025 1982696 86.6612111292962
1990237 1981510 86.6612111292962


1991179 1984850 86.6612111292962
1992365 1983638 86.6612111292962


1981510 1990237 86.6721177432543
1982696 1989025 86.6721177432543


1435314 105253 86.6784037558685
1437013 103573 86.6784037558685


1435314 135476 86.6784037558685
1437013 133796 86.6784037558685


103573 1437013 86.6862170087977
105253 1435314 86.6862170087977


133796 1437013 86.6862170087977
135476 1435314 86.6862170087977


309004 327846 86.7101508357114
313730 323176 86.7101508357114


309567 328409 86.7101508357114
314237 323683 86.7101508357114


323176 313730 86.7101508357114
327846 309004 86.7101508357114


323683 314237 86.7101508357114
328409 309567 86.7101508357114


1933254 391609 86.7494824016563
1933732 391128 86.7494824016563


391128 1933732 86.7494824016563
391609 1933254 86.7494824016563


1685676 1690185 86.7724867724868
1685861 1690004 86.7724867724868


1834879 1830735 86.7724867724868
1835064 1830554 86.7724867724868


1834879 1861387 86.7724867724868
1835064 1861206 86.7724867724868


1865530 1861387 86.7724867724868
1865715 1861206 86.7724867724868


1865530 1830735 86.7724867724868
1865715 1830554 86.7724867724868


267504 319217 86.7924528301887
267818 318924 86.7924528301887


318924 267818 86.7924528301887
319217 267504 86.7924528301887


1 1885230 86.7963152507676
1948 1883307 86.7963152507676


1883307 1948 86.7963152507676
1885230 1 86.7963152507676


156261 1557504 86.8110236220472
156768 1556999 86.8110236220472


1556999 156768 86.8110236220472
1557504 156261 86.8110236220472


1892014 1684591 86.968085106383
1892389 1684232 86.968085106383


1944374 1684591 86.968085106383
1944749 1684232 86.968085106383


1684232 1892389 86.968085106383
1684591 1892014 86.968085106383


1684232 1944749 86.968085106383
1684591 1944374 86.968085106383


23408 1892389 87.0689655172414
23739 1892042 87.0689655172414


23408 1944749 87.0689655172414
23739 1944402 87.0689655172414


1892042 23739 87.0689655172414
1892389 23408 87.0689655172414


1944402 23739 87.0689655172414
1944749 23408 87.0689655172414


1386800 1391296 87.0748299319728
1386944 1391154 87.0748299319728


1391154 1386944 87.0748299319728
1391296 1386800 87.0748299319728


320412 314235 87.1161313095658
323192 311578 87.1161313095658


323178 317001 87.1161313095658
325835 314221 87.1161313095658


1387509 1683900 87.1212121212121
1387638 1683771 87.1212121212121


1683771 1387638 87.1212121212121
1683900 1387509 87.1212121212121


267504 309753 87.1501272264631
268275 309004 87.1501272264631


309004 268275 87.1501272264631
309753 267504 87.1501272264631


24360 1891489 87.1527777777778
24647 1891202 87.1527777777778


24360 1943849 87.1527777777778
24647 1943562 87.1527777777778


1891202 24647 87.1527777777778
1891489 24360 87.1527777777778


1943562 24647 87.1527777777778
1943849 24360 87.1527777777778


1558010 191645 87.1720116618076
1558352 191303 87.1720116618076


191303 1558352 87.1720116618076
191645 1558010 87.1720116618076


1556999 175721 87.2047244094488
1557504 175214 87.2047244094488


1556999 1625697 87.2047244094488
1557504 1625190 87.2047244094488


175214 1557504 87.2047244094488
175721 1556999 87.2047244094488


1625190 1557504 87.2047244094488
1625697 1556999 87.2047244094488


1889432 382321 87.2235872235872
1889838 381915 87.2235872235872


1941792 382321 87.2235872235872
1942198 381915 87.2235872235872


381915 1889838 87.2235872235872
382321 1889432 87.2235872235872


381915 1942198 87.2235872235872
382321 1941792 87.2235872235872


1833516 391701 87.2651356993737
1833994 391224 87.2651356993737


1864168 391701 87.2651356993737
1864646 391224 87.2651356993737


391224 1864646 87.2651356993737
391701 1864168 87.2651356993737


391224 1833994 87.2651356993737
391701 1833516 87.2651356993737


1886337 104328 87.292817679558
1886514 104151 87.292817679558


1886337 134551 87.292817679558
1886514 134374 87.292817679558


104151 1886514 87.292817679558
104328 1886337 87.292817679558


134374 1886514 87.292817679558
134551 1886337 87.292817679558


1685159 104849 87.3048200950441
1686626 103389 87.3048200950441


1685159 135072 87.3048200950441
1686626 133612 87.3048200950441


103389 1686626 87.3048200950441
104849 1685159 87.3048200950441


133612 1686626 87.3048200950441
135072 1685159 87.3048200950441


1557186 192471 87.3320537428023
1557705 191952 87.3320537428023


191952 1557705 87.3320537428023
192471 1557186 87.3320537428023


1 1829451 87.3366834170854
1983 1827493 87.3366834170854


1 1860103 87.3366834170854
1983 1858145 87.3366834170854


1827493 1983 87.3366834170854
1829451 1 87.3366834170854


1858145 1983 87.3366834170854
1860103 1 87.3366834170854


164965 227601 87.4186550976139
165413 227141 87.4186550976139


227141 165413 87.4186550976139
227601 164965 87.4186550976139


1603276 165413 87.4186550976139
1603736 164965 87.4186550976139


164965 1603736 87.4186550976139
165413 1603276 87.4186550976139


1809998 245369 87.4454148471616
1812720 242657 87.4454148471616


242657 1812720 87.4454148471616
245369 1809998 87.4454148471616


313251 323181 87.4528301886792
314232 322134 87.4528301886792


314232 324162 87.4528301886792
315279 323181 87.4528301886792


23156 105972 87.4581939799331
23737 105376 87.4581939799331


23156 136195 87.4581939799331
23737 135599 87.4581939799331


1834113 1486708 87.6097057305111
1836026 1484791 87.6097057305111


1864765 1486708 87.6097057305111
1866677 1484791 87.6097057305111


1484791 1866677 87.6097057305111
1486708 1864765 87.6097057305111


1484791 1836026 87.6097057305111
1486708 1834113 87.6097057305111


1960002 1466012 87.6258992805755
1960682 1465323 87.6258992805755


1465323 1960682 87.6258992805755
1466012 1960002 87.6258992805755


379733 214990 87.6470588235294
380239 214482 87.6470588235294


214482 380239 87.6470588235294
214990 379733 87.6470588235294


250467 1891515 87.6943881000676
251936 1890046 87.6943881000676


250467 1943875 87.6943881000676
251936 1942406 87.6943881000676


1890046 251936 87.6943881000676
1891515 250467 87.6943881000676


1942406 251936 87.6943881000676
1943875 250467 87.6943881000676


103389 25794 87.7966101694915
104849 24334 87.7966101694915


133612 25794 87.7966101694915
135072 24334 87.7966101694915


24334 104849 87.8048780487805
25794 103389 87.8048780487805


24334 135072 87.8048780487805
25794 133612 87.8048780487805


1934442 1916119 87.8139534883721
1935512 1915118 87.8139534883721


309004 326692 87.8592532903572
312663 323178 87.8592532903572


310721 328409 87.8592532903572
314235 324750 87.8592532903572


323178 312663 87.8592532903572
326692 309004 87.8592532903572


324750 314235 87.8592532903572
328409 310721 87.8592532903572


248745 136763 87.8813559322034
249875 135603 87.8813559322034


248745 106540 87.8813559322034
249875 105380 87.8813559322034


391224 1390243 87.8850102669405
391709 1389758 87.8850102669405


1389758 391709 87.8850102669405
1390243 391224 87.8850102669405


1632075 1434052 87.9310344827586
1632248 1433879 87.9310344827586


1433879 1632248 87.9310344827586
1434052 1632075 87.9310344827586


105380 249875 87.9661016949153
106540 248745 87.9661016949153


135603 249875 87.9661016949153
136763 248745 87.9661016949153


373875 1610578 87.9684418145957
374886 1609586 87.9684418145957


1609586 374886 87.9684418145957
1610578 373875 87.9684418145957


140680 374886 87.9684418145957
141672 373875 87.9684418145957


373875 141672 87.9684418145957
374886 140680 87.9684418145957


1913074 1464991 88.0199667221298
1913674 1464404 88.0199667221298


1464404 1913674 88.0199667221298
1464991 1913074 88.0199667221298


1485236 1391841 88.021534320323
1486708 1390362 88.021534320323


1390362 1486708 88.021534320323
1391841 1485236 88.021534320323


1836430 1434721 88.0228136882129
1836934 1434196 88.0228136882129


1392838 1684310 88.0228136882129
1393363 1683806 88.0228136882129


1683806 1393363 88.0228136882129
1684310 1392838 88.0228136882129


1434196 1836934 88.0228136882129
1434721 1836430 88.0228136882129


320260 316004 88.0379532361911
323181 313251 88.0379532361911


321409 317153 88.0379532361911
324162 314232 88.0379532361911


1683974 105978 88.0434782608696
1684601 105336 88.0434782608696


1683974 136201 88.0434782608696
1684601 135559 88.0434782608696


105336 1684601 88.0434782608696
105978 1683974 88.0434782608696


135559 1684601 88.0434782608696
136201 1683974 88.0434782608696


1913667 1864646 88.0487804878049
1914075 1864238 88.0487804878049


1913667 1833994 88.0487804878049
1914075 1833586 88.0487804878049


1833586 1914075 88.0487804878049
1833994 1913667 88.0487804878049


1864238 1914075 88.0487804878049
1864646 1913667 88.0487804878049


377568 177228 88.1476224272534
378972 175830 88.1476224272534


377568 1627204 88.1476224272534
378972 1625806 88.1476224272534


175830 378972 88.1476224272534
177228 377568 88.1476224272534


1625806 378972 88.1476224272534
1627204 377568 88.1476224272534


1934442 1915993 88.1731784582893
1935386 1915118 88.1731784582893


1913667 1390243 88.2926829268293
1914076 1389834 88.2926829268293


1389834 1914076 88.2926829268293
1390243 1913667 88.2926829268293


1484296 105720 88.2978723404255
1484671 105346 88.2978723404255


1484296 135943 88.2978723404255
1484671 135569 88.2978723404255


105346 1484671 88.2978723404255
105720 1484296 88.2978723404255


135569 1484671 88.2978723404255
135943 1484296 88.2978723404255


29016 1685861 88.3597883597884
29197 1685676 88.3597883597884


1685676 29197 88.3597883597884
1685861 29016 88.3597883597884


1833516 382315 88.4422110552764
1833913 381919 88.4422110552764


1864168 382315 88.4422110552764
1864565 381919 88.4422110552764


381919 1864565 88.4422110552764
382315 1864168 88.4422110552764


381919 1833913 88.4422110552764
382315 1833516 88.4422110552764


1934442 1916245 88.556338028169
1935512 1915118 88.556338028169


2018760 1664600 88.5612153708668
2019868 1663488 88.5612153708668


2025389 1657331 88.5612153708668
2026497 1656219 88.5612153708668


1656219 2026497 88.5612153708668
1657331 2025389 88.5612153708668


1663488 2019868 88.5612153708668
1664600 2018760 88.5612153708668


270091 319515 88.5714285714286
270565 319028 88.5714285714286


309004 318385 88.5714285714286
309478 317898 88.5714285714286


317898 309478 88.5714285714286
318385 309004 88.5714285714286


319028 328409 88.5714285714286
319515 327935 88.5714285714286


319028 270565 88.5714285714286
319515 270091 88.5714285714286


327935 319515 88.5714285714286
328409 319028 88.5714285714286


99775 134551 88.5869565217391
99958 134374 88.5869565217391


99775 104328 88.5869565217391
99958 104151 88.5869565217391


104151 99958 88.5869565217391
104328 99775 88.5869565217391


104151 130181 88.5869565217391
104328 129998 88.5869565217391


129998 134551 88.5869565217391
130181 134374 88.5869565217391


129998 104328 88.5869565217391
130181 104151 88.5869565217391


134374 99958 88.5869565217391
134551 99775 88.5869565217391


134374 130181 88.5869565217391
134551 129998 88.5869565217391


1911955 1466012 88.6866059817945
1912709 1465250 88.6866059817945


1465250 1912709 88.6866059817945
1466012 1911955 88.6866059817945


311578 323192 88.6914378029079
313943 320761 88.6914378029079


314221 325835 88.6914378029079
316652 323470 88.6914378029079


1915115 1935578 88.6941279579316
1916182 1934442 88.6941279579316


1913936 1932450 88.7096774193548
1914116 1932266 88.7096774193548


1932266 1914116 88.7096774193548
1932450 1913936 88.7096774193548


267504 313712 88.7463930747034
270565 310721 88.7463930747034


310721 270565 88.7463930747034
313712 267504 88.7463930747034


265768 1959323 88.8123924268503
267504 1957582 88.8123924268503


1957582 267504 88.8123924268503
1959323 265768 88.8123924268503


1892057 1514982 88.8888888888889
1892389 1514651 88.8888888888889


1892057 1545867 88.8888888888889
1892389 1545536 88.8888888888889


1944417 1545867 88.8888888888889
1944749 1545536 88.8888888888889


1944417 1514982 88.8888888888889
1944749 1514651 88.8888888888889


1514651 1892389 88.8888888888889
1514982 1892057 88.8888888888889


1545536 1892389 88.8888888888889
1545867 1892057 88.8888888888889


1514651 1944749 88.8888888888889
1514982 1944417 88.8888888888889


1545536 1944749 88.8888888888889
1545867 1944417 88.8888888888889


1485782 29171 88.8888888888889
1485913 29040 88.8888888888889


377631 1559604 88.900606380174
381414 1555827 88.900606380174


1555827 381414 88.900606380174
1559604 377631 88.900606380174


267504 313148 88.9068042566914
270535 310176 88.9068042566914


381919 1390162 88.9162561576355
382323 1389758 88.9162561576355


1389758 382323 88.9162561576355
1390162 381919 88.9162561576355


1685676 1551758 88.9473684210526
1685861 1551572 88.9473684210526


1685676 1520873 88.9473684210526
1685861 1520687 88.9473684210526


1520687 1685861 88.9473684210526
1520873 1685676 88.9473684210526


1551572 1685861 88.9473684210526
1551758 1685676 88.9473684210526


1690028 1516269 88.9705882352941
1690159 1516136 88.9705882352941


1690028 1547154 88.9705882352941
1690159 1547021 88.9705882352941


1516136 1690159 88.9705882352941
1516269 1690028 88.9705882352941


1547021 1690159 88.9705882352941
1547154 1690028 88.9705882352941


29040 1485913 88.9705882352941
29171 1485782 88.9705882352941


310176 270535 89.0357949048694
313148 267504 89.0357949048694


1485782 1551732 89.1304347826087
1485913 1551596 89.1304347826087


1485782 1520847 89.1304347826087
1485913 1520711 89.1304347826087


1520711 1485913 89.1304347826087
1520847 1485782 89.1304347826087


1551596 1485913 89.1304347826087
1551732 1485782 89.1304347826087


320260 313313 89.1558224891558
323192 310433 89.1558224891558


324100 317153 89.1558224891558
326980 314221 89.1558224891558


282176 1332254 89.1566265060241
282340 1332093 89.1566265060241


297229 1317522 89.1566265060241
297393 1317361 89.1566265060241


340019 1332254 89.1566265060241
340183 1332093 89.1566265060241


355070 1317522 89.1566265060241
355234 1317361 89.1566265060241


1317361 297393 89.1566265060241
1317522 297229 89.1566265060241


1317361 355234 89.1566265060241
1317522 355070 89.1566265060241


1332093 340183 89.1566265060241
1332254 340019 89.1566265060241


1332093 282340 89.1566265060241
1332254 282176 89.1566265060241


105912 1434190 89.261744966443
106060 1434042 89.261744966443


136135 1434190 89.261744966443
136283 1434042 89.261744966443


1580055 1417448 89.3617021276596
1580194 1417309 89.3617021276596


1580867 1410250 89.3617021276596
1581006 1410111 89.3617021276596


1410111 1581006 89.3617021276596
1410250 1580867 89.3617021276596


1417309 1580194 89.3617021276596
1417448 1580055 89.3617021276596


266231 1407162 89.375
267504 1405884 89.375


1405884 267504 89.375
1407162 266231 89.375


310433 323192 89.3787575150301
313313 320260 89.3787575150301


314221 326980 89.3787575150301
317153 324100 89.3787575150301


2019261 300821 89.4067796610169
2019495 300586 89.4067796610169


2025762 336826 89.4067796610169
2025996 336591 89.4067796610169


2025762 278983 89.4067796610169
2025996 278748 89.4067796610169


278748 2025996 89.4067796610169
278983 2025762 89.4067796610169


300586 2019495 89.4067796610169
300821 2019261 89.4067796610169


336591 2025996 89.4067796610169
336826 2025762 89.4067796610169


255312 1685861 89.4179894179894
255495 1685676 89.4179894179894


1685676 255495 89.4179894179894
1685861 255312 89.4179894179894


1 1385675 89.4196199280945
1941 1383753 89.4196199280945


1383753 1941 89.4547325102881
1385675 1 89.4547325102881


268364 319515 89.4563426688633
268955 318924 89.4563426688633


310614 318489 89.4563426688633
311205 317898 89.4563426688633


317898 311205 89.4563426688633
318489 310614 89.4563426688633


318924 326799 89.4563426688633
319515 326208 89.4563426688633


318924 268955 89.4563426688633
319515 268364 89.4563426688633


326208 319515 89.4563426688633
326799 318924 89.4563426688633


323181 313161 89.484927605032
327237 309034 89.484927605032


324252 314232 89.484927605032
328379 310176 89.484927605032


379394 1560781 89.5220588235294
379937 1560239 89.5220588235294


1560239 379937 89.5220588235294
1560781 379394 89.5220588235294


309034 327237 89.5798718253026
313161 323181 89.5798718253026


310176 328379 89.5798718253026
314232 324252 89.5798718253026


1667865 1376069 89.6028037383178
1669572 1374388 89.6028037383178


1374388 1669572 89.6028037383178
1376069 1667865 89.6028037383178


29040 1516269 89.7058823529412
29171 1516136 89.7058823529412


29040 1547154 89.7058823529412
29171 1547021 89.7058823529412


1516136 29171 89.7058823529412
1516269 29040 89.7058823529412


1547021 29171 89.7058823529412
1547154 29040 89.7058823529412


1934442 1916684 89.738919247116
1936078 1915115 89.738919247116


1490176 1685861 89.7849462365591
1490357 1685676 89.7849462365591


1685676 1490357 89.7849462365591
1685861 1490176 89.7849462365591


1934442 1917806 89.8268398268398
1937136 1915118 89.8268398268398


1830576 1391296 89.8550724637681
1830711 1391162 89.8550724637681


1861228 1391296 89.8550724637681
1861363 1391162 89.8550724637681


29040 1436397 89.8550724637681
29175 1436263 89.8550724637681


1436263 1690163 89.8550724637681
1436397 1690028 89.8550724637681


1690028 1436397 89.8550724637681
1690163 1436263 89.8550724637681


1391162 1830711 89.8550724637681
1391296 1830576 89.8550724637681


1391162 1861363 89.8550724637681
1391296 1861228 89.8550724637681


1436263 29175 89.8550724637681
1436397 29040 89.8550724637681


311751 318489 89.871382636656
312366 317898 89.871382636656


317898 312366 89.871382636656
318489 311751 89.871382636656


318924 325662 89.871382636656
319515 325047 89.871382636656


325047 319515 89.871382636656
325662 318924 89.871382636656


1558263 214376 89.9197592778335
1560242 212392 89.9197592778335


212392 1560242 89.9197592778335
214376 1558263 89.9197592778335


1923303 1939819 89.9328859060403
1926115 1937131 89.9328859060403


267504 312647 89.9397016820057
270565 309567 89.9397016820057


267504 312647 89.9397016820057
270565 309567 89.9397016820057


309567 270565 89.9397016820057
312647 267504 89.9397016820057


1485236 1891515 89.9410464259396
1487928 1888817 89.9410464259396


1888817 1487928 89.9410464259396
1891515 1485236 89.9410464259396


1941177 1487928 89.9410464259396
1943875 1485236 89.9410464259396


1485236 1943875 89.9410464259396
1487928 1941177 89.9410464259396


1434061 136264 90
1434190 136135 90


1434061 106041 90
1434190 105912 90


23064 1836885 90.0376411543287
26989 1832917 90.0376411543287


267504 311483 90.0431203449628
270002 309004 90.0431203449628


309004 270002 90.0431203449628
311483 267504 90.0431203449628


267504 314696 90.224032586558
267991 314221 90.224032586558


314221 267991 90.224032586558
314696 267504 90.224032586558


1556816 215171 90.2298850574713
1556988 214999 90.2298850574713


214999 1556988 90.2298850574713
215171 1556816 90.2298850574713


269647 317151 90.3083700440529
270533 316261 90.3083700440529


309036 321152 90.3083700440529
309922 320262 90.3083700440529


316261 328377 90.3083700440529
317151 327491 90.3083700440529


316261 270533 90.3083700440529
317151 269647 90.3083700440529


320262 309922 90.3083700440529
321152 309036 90.3083700440529


327491 317151 90.3083700440529
328377 316261 90.3083700440529


1389142 1687848 90.3605592347314
1391841 1685159 90.3605592347314


1685159 1391841 90.3605592347314
1687848 1389142 90.3605592347314


255336 1485913 90.3703703703704
255469 1485782 90.3703703703704


1485782 255469 90.3703703703704
1485913 255336 90.3703703703704


1515590 1391841 90.3765690376569
