#-- forward hits sorted by %sim
0 0 0
0 0 0


1915115 1925920 72.3735408560311
1915371 1926115 72.3735408560311


1970423 1516600 77.5757575757576
1970914 1517082 77.5757575757576


1970423 1547485 77.5757575757576
1970914 1547967 77.5757575757576


1516600 1970423 77.5757575757576
1517082 1970914 77.5757575757576


1547485 1970423 77.5757575757576
1547967 1970914 77.5757575757576


313916 318920 78.9036544850498
314415 319515 78.9036544850498


318920 313916 78.9036544850498
319515 314415 78.9036544850498


1569905 180787 78.9173789173789
1570602 181484 78.9173789173789


1590459 208722 78.9173789173789
1591156 209419 78.9173789173789


208722 1590459 78.9173789173789
209419 1591156 78.9173789173789


1569905 161835 78.9173789173789
1570602 162532 78.9173789173789


180787 1569905 78.9473684210526
181484 1570602 78.9473684210526


161835 1569905 78.9473684210526
162532 1570602 78.9473684210526


1883943 388169 79.967689822294
1884559 388784 79.967689822294


1883943 397555 79.967689822294
1884559 398170 79.967689822294


388169 1883943 79.967689822294
388784 1884559 79.967689822294


397555 1883943 79.967689822294
398170 1884559 79.967689822294


278497 1656412 80.1457194899818
278983 1656957 80.1457194899818


300586 1663862 80.1457194899818
301072 1664407 80.1457194899818


336340 1656412 80.1457194899818
336826 1656957 80.1457194899818


1656412 278497 80.1457194899818
1656957 278983 80.1457194899818


1656412 336340 80.1457194899818
1656957 336826 80.1457194899818


1663862 300586 80.1457194899818
1664407 301072 80.1457194899818


1489891 1551134 80.5309734513274
1490105 1551357 80.5309734513274


1489891 1520249 80.5309734513274
1490105 1520472 80.5309734513274


1965975 1367536 81.2889812889813
1966454 1368011 81.2889812889813


1367536 1965975 81.2889812889813
1368011 1966454 81.2889812889813


390948 1665170 81.3559322033898
391644 1665860 81.3559322033898


1665170 390948 81.3559322033898
1665860 391644 81.3559322033898


292880 1393143 81.3953488372093
293050 1393313 81.3953488372093


1393143 292880 81.3953488372093
1393313 293050 81.3953488372093


1555827 196381 81.4298978644382
1556899 197450 81.4298978644382


196381 1555827 81.4298978644382
197450 1556899 81.4298978644382


1913454 1665221 81.5457413249211
1914076 1665849 81.5457413249211


1665221 1913454 81.5457413249211
1665849 1914076 81.5457413249211


1486214 390590 81.5672306322351
1487313 391707 81.5672306322351


390590 1486214 81.5672306322351
391707 1487313 81.5672306322351


1960002 1362798 81.6062176165803
1960758 1363504 81.6062176165803


1362798 1960002 81.6062176165803
1363504 1960758 81.6062176165803


24360 1435744 81.9620253164557
24983 1436375 81.9620253164557


1435744 24360 81.9620253164557
1436375 24983 81.9620253164557


286519 1434246 81.9767441860465
286689 1434416 81.9767441860465


344360 1434246 81.9767441860465
344530 1434416 81.9767441860465


350721 1393143 81.9767441860465
350891 1393313 81.9767441860465


1393143 350721 81.9767441860465
1393313 350891 81.9767441860465


1434246 286519 81.9767441860465
1434416 286689 81.9767441860465


1434246 344360 81.9767441860465
1434416 344530 81.9767441860465


2062 104319 82.1243523316062
2446 104703 82.1243523316062


2062 134542 82.1243523316062
2446 134926 82.1243523316062


32361 104319 82.1243523316062
32745 104703 82.1243523316062


32361 134542 82.1243523316062
32745 134926 82.1243523316062


104319 2062 82.1243523316062
104703 2446 82.1243523316062


104319 32361 82.1243523316062
104703 32745 82.1243523316062


134542 32361 82.1243523316062
134926 32745 82.1243523316062


134542 2062 82.1243523316062
134926 2446 82.1243523316062


269798 323176 82.1969696969697
270565 323893 82.1969696969697


309004 313520 82.1969696969697
309771 314237 82.1969696969697


313520 309004 82.1969696969697
314237 309771 82.1969696969697


323176 327642 82.1969696969697
323893 328409 82.1969696969697


323176 269798 82.1969696969697
323893 270565 82.1969696969697


327642 323176 82.1969696969697
328409 323893 82.1969696969697


2012493 1368495 82.2047244094488
2013110 1369128 82.2047244094488


1368495 2012493 82.2047244094488
1369128 2013110 82.2047244094488


25925 1665449 82.2115384615385
26335 1665862 82.2115384615385


1665449 25925 82.2115384615385
1665862 26335 82.2115384615385


59314 87277 82.4335904027421
60474 88437 82.4335904027421


59314 60779 82.4335904027421
60474 61939 82.4335904027421


60779 59314 82.4335904027421
61939 60474 82.4335904027421


60779 85812 82.4335904027421
61939 86972 82.4335904027421


85812 60779 82.4335904027421
86972 61939 82.4335904027421


85812 87277 82.4335904027421
86972 88437 82.4335904027421


87277 85812 82.4335904027421
88437 86972 82.4335904027421


87277 59314 82.4335904027421
88437 60474 82.4335904027421


251442 1664803 82.5147347740668
251946 1665310 82.5147347740668


1664803 251442 82.5147347740668
1665310 251946 82.5147347740668


1967476 1996603 82.5814536340852
1968262 1997394 82.5814536340852


1996603 1967476 82.5814536340852
1997394 1968262 82.5814536340852


388238 1384458 82.695810564663
388781 1385002 82.695810564663


397624 1384458 82.695810564663
398167 1385002 82.695810564663


1384458 388238 82.695810564663
1385002 388781 82.695810564663


1384458 397624 82.695810564663
1385002 398167 82.695810564663


381915 1665514 82.9971181556196
382258 1665860 82.9971181556196


1665514 381915 82.9971181556196
1665860 382258 82.9971181556196


1825736 1382542 83.2167832167832
1826443 1383249 83.2167832167832


1856388 1382542 83.2167832167832
1857095 1383249 83.2167832167832


1382542 1856388 83.2167832167832
1383249 1857095 83.2167832167832


1382542 1825736 83.2167832167832
1383249 1826443 83.2167832167832


1484296 1684232 83.2446808510638
1484671 1684591 83.2446808510638


1684232 1484296 83.2446808510638
1684591 1484671 83.2446808510638


2012449 1997779 83.2585949177877
2013097 1998445 83.2585949177877


1997779 2012449 83.2585949177877
1998445 2013097 83.2585949177877


2032160 1975428 83.4080717488789
2032808 1976095 83.4080717488789


1975428 2032160 83.4080717488789
1976095 2032808 83.4080717488789


1562163 1393436 83.6909871244635
1562395 1393668 83.6909871244635


1393436 1562163 83.6909871244635
1393668 1562395 83.6909871244635


25368 1664880 83.7962962962963
25795 1665310 83.7962962962963


1664880 25368 83.7962962962963
1665310 25795 83.7962962962963


1912709 1960883 83.8652482269504
1913266 1961419 83.8652482269504


1960883 1912709 83.8652482269504
1961419 1913266 83.8652482269504


254211 1489019 83.9901477832512
254614 1489423 83.9901477832512


1489019 254211 83.9901477832512
1489423 254614 83.9901477832512


259800 1525009 84.0816326530612
260519 1525741 84.0816326530612


259800 1494493 84.0816326530612
260519 1495225 84.0816326530612


1494493 259800 84.0816326530612
1495225 260519 84.0816326530612


1525009 259800 84.0816326530612
1525741 260519 84.0816326530612


1992917 1365337 84.1954022988506
1993605 1366028 84.1954022988506


1365337 1992917 84.1954022988506
1366028 1993605 84.1954022988506


1709578 96709 84.3181818181818
1710006 97143 84.3181818181818


1709578 126932 84.3181818181818
1710006 127366 84.3181818181818


96709 1709578 84.3181818181818
97143 1710006 84.3181818181818


126932 1709578 84.3181818181818
127366 1710006 84.3181818181818


357922 1362107 84.6715328467153
358458 1362647 84.6715328467153


1362107 357922 84.6715328467153
1362647 358458 84.6715328467153


320262 322551 84.7503373819163
323185 325240 84.7503373819163


322551 320262 84.7503373819163
325240 323185 84.7503373819163


1568465 179347 84.7826086956522
1569355 180263 84.7826086956522


1591706 209943 84.7826086956522
1592596 210859 84.7826086956522


1568465 1629323 84.7826086956522
1569355 1630239 84.7826086956522


179347 1568465 84.7826086956522
180263 1569355 84.7826086956522


209943 1591706 84.7826086956522
210859 1592596 84.7826086956522


1629323 1568465 84.7826086956522
1630239 1569355 84.7826086956522


160395 1568465 84.7826086956522
161311 1569355 84.7826086956522


1568465 160395 84.7826086956522
1569355 161311 84.7826086956522


1580055 1658142 84.8484848484848
1580312 1658394 84.8484848484848


1580749 1662425 84.8484848484848
1581006 1662677 84.8484848484848


1658142 1580055 84.8484848484848
1658394 1580312 84.8484848484848


1662425 1580749 84.8484848484848
1662677 1581006 84.8484848484848


250467 1435718 84.9157733537519
251761 1437013 84.9157733537519


1435718 250467 84.9157733537519
1437013 251761 84.9157733537519


312173 314228 85.0050658561297
314862 317151 85.0050658561297


314228 312173 85.0050658561297
317151 314862 85.0050658561297


1486907 381915 85.0490196078431
1487313 382321 85.0490196078431


381915 1486907 85.0490196078431
382321 1487313 85.0490196078431


292900 1631818 85.0649350649351
293050 1631968 85.0649350649351


350741 1631818 85.0649350649351
350891 1631968 85.0649350649351


1631818 350741 85.0649350649351
1631968 350891 85.0649350649351


1631818 292900 85.0649350649351
1631968 293050 85.0649350649351


357922 1553269 85.0694444444444
358206 1553551 85.0694444444444


1553269 357922 85.0694444444444
1553551 358206 85.0694444444444


267504 322147 85.0871530019367
270565 324958 85.0871530019367


322147 267504 85.0871530019367
324958 270565 85.0871530019367


2052415 1982585 85.1116625310174
2053614 1983754 85.1116625310174


2069368 1990121 85.1116625310174
2070567 1991290 85.1116625310174


1990121 2069368 85.1116625310174
1991290 2070567 85.1116625310174


268070 323178 85.1288056206089
270565 325555 85.1288056206089


309004 311858 85.1288056206089
311499 314235 85.1288056206089


311858 309004 85.1288056206089
314235 311499 85.1288056206089


323178 325914 85.1288056206089
325555 328409 85.1288056206089


323178 268070 85.1288056206089
325555 270565 85.1288056206089


325914 323178 85.1288056206089
328409 325555 85.1288056206089


2869 258461 85.1449275362319
3410 259011 85.1449275362319


33168 258461 85.1449275362319
33709 259011 85.1449275362319


258461 2869 85.1449275362319
259011 3410 85.1449275362319


258461 33168 85.1449275362319
259011 33709 85.1449275362319


312745 314221 85.1581508515815
314235 315849 85.1581508515815


314221 312745 85.1581508515815
315849 314235 85.1581508515815


321564 323178 85.1581508515815
323192 324668 85.1581508515815


323178 321564 85.1581508515815
324668 323192 85.1581508515815


350730 1631927 85.2664576802508
351045 1632242 85.2664576802508


1631927 350730 85.2664576802508
1632242 351045 85.2664576802508


388149 97361 85.3046594982079
388425 97638 85.3046594982079


388149 127584 85.3046594982079
388425 127861 85.3046594982079


397535 97361 85.3046594982079
397811 97638 85.3046594982079


397535 127584 85.3046594982079
397811 127861 85.3046594982079


97361 388149 85.3046594982079
97638 388425 85.3046594982079


97361 397535 85.3046594982079
97638 397811 85.3046594982079


127584 388149 85.3046594982079
127861 388425 85.3046594982079


127584 397535 85.3046594982079
127861 397811 85.3046594982079


378930 191350 85.3982300884956
380049 192471 85.3982300884956


191350 378930 85.3982300884956
192471 380049 85.3982300884956


1387522 1393108 85.4166666666667
1387712 1393298 85.4166666666667


1393108 1387522 85.4166666666667
1393298 1387712 85.4166666666667


1926918 1686745 85.4922279792746
1927303 1687130 85.4922279792746


1933254 1833609 85.4922279792746
1933639 1833994 85.4922279792746


1933254 1864261 85.4922279792746
1933639 1864646 85.4922279792746


1686745 1926918 85.4922279792746
1687130 1927303 85.4922279792746


1833609 1933254 85.4922279792746
1833994 1933639 85.4922279792746


1864261 1933254 85.4922279792746
1864646 1933639 85.4922279792746


380247 214999 85.5491329479769
380419 215171 85.5491329479769


214999 380247 85.5491329479769
215171 380419 85.5491329479769


292889 1631927 85.5799373040752
293204 1632242 85.5799373040752


1631927 292889 85.5799373040752
1632242 293204 85.5799373040752


1435718 1685159 85.6269113149847
1437013 1686439 85.6269113149847


1685159 1435718 85.6269113149847
1686439 1437013 85.6269113149847


2052415 1981521 85.6525496974935
2053562 1982641 85.6525496974935


2069420 1991234 85.6525496974935
2070567 1992354 85.6525496974935


1991234 2069420 85.6525496974935
1992354 2070567 85.6525496974935


1981521 2052415 85.6600189933523
1982537 2053462 85.6600189933523


1789439 1790460 85.781990521327
1789841 1790881 85.781990521327


1790460 1789439 85.781990521327
1790881 1789841 85.781990521327


1801499 1802539 85.781990521327
1801920 1802941 85.781990521327


1802539 1801499 85.781990521327
1802941 1801920 85.781990521327


1933254 1389858 85.7881136950904
1933639 1390243 85.7881136950904


1389858 1933254 85.7881136950904
1390243 1933639 85.7881136950904


1383727 1709587 85.8611825192802
1384113 1709967 85.8611825192802


2018782 1581699 85.8880778588808
2019187 1582109 85.8880778588808


2026070 1578952 85.8880778588808
2026475 1579362 85.8880778588808


1578952 2026070 85.8880778588808
1579362 2026475 85.8880778588808


1581699 2018782 85.8880778588808
1582109 2019187 85.8880778588808


1709587 1383727 85.8974358974359
1709967 1384113 85.8974358974359


99793 1436263 85.9154929577465
99934 1436397 85.9154929577465


130016 1436263 85.9154929577465
130157 1436397 85.9154929577465


1436263 99793 85.9154929577465
1436397 99934 85.9154929577465


1436263 130016 85.9154929577465
1436397 130157 85.9154929577465


1514222 1434247 85.9375
1514797 1434789 85.9375


1545107 1434247 85.9375
1545682 1434789 85.9375


1434247 1545107 85.9375
1434789 1545682 85.9375


1434247 1514222 85.9375
1434789 1514797 85.9375


1926918 1517185 85.9375
1927301 1517568 85.9375


1926918 1548070 85.9375
1927301 1548453 85.9375


1517185 1926918 85.9375
1517568 1927301 85.9375


1548070 1926918 85.9375
1548453 1927301 85.9375


380663 193078 85.9416445623342
381415 193827 85.9416445623342


193078 380663 85.9416445623342
193827 381415 85.9416445623342


1982585 2052415 85.9449192782526
1983601 2053462 85.9449192782526


254365 1689091 85.952380952381
254781 1689509 85.952380952381


1689091 254365 85.952380952381
1689509 254781 85.952380952381


1890861 104199 86.0586319218241
1892389 105720 86.0586319218241


1890861 134422 86.0586319218241
1892389 135943 86.0586319218241


1943221 104199 86.0586319218241
1944749 105720 86.0586319218241


1943221 134422 86.0586319218241
1944749 135943 86.0586319218241


104199 1890861 86.0586319218241
105720 1892389 86.0586319218241


134422 1890861 86.0586319218241
135943 1892389 86.0586319218241


104199 1943221 86.0586319218241
105720 1944749 86.0586319218241


134422 1943221 86.0586319218241
135943 1944749 86.0586319218241


1258699 1258798 86.1198738170347
1259012 1259111 86.1198738170347


1258798 1258699 86.1198738170347
1259111 1259012 86.1198738170347


267504 323194 86.1518825781748
270565 326119 86.1518825781748


323194 267504 86.1518825781748
326119 270565 86.1518825781748


1961232 1437214 86.1702127659574
1961419 1437397 86.1702127659574


1437214 1961232 86.1702127659574
1437397 1961419 86.1702127659574


25913 391224 86.1855670103093
26396 391707 86.1855670103093


391224 25913 86.1855670103093
391707 26396 86.1855670103093


309004 311294 86.2090880203368
312078 314232 86.2090880203368


311294 309004 86.2090880203368
314232 312078 86.2090880203368


323181 325335 86.2090880203368
326119 328409 86.2090880203368


325335 323181 86.2090880203368
328409 326119 86.2090880203368


269218 323181 86.2371888726208
270565 324451 86.2371888726208


309004 312962 86.2371888726208
310351 314232 86.2371888726208


312962 309004 86.2371888726208
314232 310351 86.2371888726208


323181 327062 86.2371888726208
324451 328409 86.2371888726208


323181 269218 86.2371888726208
324451 270565 86.2371888726208


327062 323181 86.2371888726208
328409 324451 86.2371888726208


175217 192155 86.3057324840764
175529 192467 86.3057324840764


192155 175217 86.3057324840764
192467 175529 86.3057324840764


197738 214677 86.3057324840764
198050 214989 86.3057324840764


214677 197738 86.3057324840764
214989 198050 86.3057324840764


156264 192155 86.3057324840764
156576 192467 86.3057324840764


1625193 192155 86.3057324840764
1625505 192467 86.3057324840764


192155 1625193 86.3057324840764
192467 1625505 86.3057324840764


192155 156264 86.3057324840764
192467 156576 86.3057324840764


2017039 1577267 86.3509749303621
2017750 1577981 86.3509749303621


2027507 1583080 86.3509749303621
2028218 1583794 86.3509749303621


1577267 2017039 86.3509749303621
1577981 2017750 86.3509749303621


1583080 2027507 86.3509749303621
1583794 2028218 86.3509749303621


309004 312455 86.4379736737136
313875 317151 86.4379736737136


312455 309004 86.4379736737136
317151 313875 86.4379736737136


320262 323538 86.4379736737136
324958 328409 86.4379736737136


323538 320262 86.4379736737136
328409 324958 86.4379736737136


1926918 252064 86.4583333333333
1927301 252447 86.4583333333333


252064 1926918 86.4583333333333
252447 1927301 86.4583333333333


1827522 1709605 86.6504854368932
1827926 1710006 86.6504854368932


1858174 1709605 86.6504854368932
1858578 1710006 86.6504854368932


1709605 1827522 86.6504854368932
1710006 1827926 86.6504854368932


1709605 1858174 86.6504854368932
1710006 1858578 86.6504854368932


1983638 1981510 86.6612111292962
1984850 1982696 86.6612111292962


1989025 1991179 86.6612111292962
1990237 1992365 86.6612111292962


1991179 1989025 86.6612111292962
1992365 1990237 86.6612111292962


23408 1484296 86.6666666666667
23721 1484625 86.6666666666667


1484296 23408 86.6666666666667
1484625 23721 86.6666666666667


1981510 1983638 86.6721177432543
1982696 1984850 86.6721177432543


1911779 357584 86.6847826086957
1912134 357950 86.6847826086957


357584 1911779 86.6847826086957
357950 1912134 86.6847826086957


309004 309567 86.7101508357114
313730 314237 86.7101508357114


309567 309004 86.7101508357114
314237 313730 86.7101508357114


323176 323683 86.7101508357114
327846 328409 86.7101508357114


323683 323176 86.7101508357114
328409 327846 86.7101508357114


1911955 1362798 86.7213114754098
1912550 1363402 86.7213114754098


1362798 1911955 86.7213114754098
1363402 1912550 86.7213114754098


1 256598 86.7451381780962
1948 258528 86.7451381780962


256598 1 86.7451381780962
258528 1948 86.7451381780962


1926825 391128 86.7494824016563
1927303 391609 86.7494824016563


391128 1926825 86.7494824016563
391609 1927303 86.7494824016563


1834879 1690004 86.7724867724868
1835064 1690185 86.7724867724868


1865530 1690004 86.7724867724868
1865715 1690185 86.7724867724868


1685676 1861206 86.7724867724868
1685861 1861387 86.7724867724868


1685676 1830554 86.7724867724868
1685861 1830735 86.7724867724868


267504 318196 86.7924528301887
267818 318489 86.7924528301887


318196 267504 86.7924528301887
318489 267818 86.7924528301887


25994 381919 86.8811881188119
26396 382321 86.8811881188119


381919 25994 86.8811881188119
382321 26396 86.8811881188119


1959826 357584 86.9565217391304
1960181 357950 86.9565217391304


357584 1959826 86.9565217391304
357950 1960181 86.9565217391304


1836149 1892014 86.968085106383
1836508 1892389 86.968085106383


1866800 1892014 86.968085106383
1867159 1892389 86.968085106383


1836149 1944374 86.968085106383
1836508 1944749 86.968085106383


1866800 1944374 86.968085106383
1867159 1944749 86.968085106383


1892014 1836149 86.968085106383
1892389 1836508 86.968085106383


1892014 1866800 86.968085106383
1892389 1867159 86.968085106383


1944374 1866800 86.968085106383
1944749 1867159 86.968085106383


1944374 1836149 86.968085106383
1944749 1836508 86.968085106383


1386800 1436263 87.0748299319728
1386944 1436405 87.0748299319728


1436263 1386800 87.0748299319728
1436405 1386944 87.0748299319728


320412 323178 87.1161313095658
323192 325835 87.1161313095658


323178 320412 87.1161313095658
325835 323192 87.1161313095658


1836840 1387509 87.1212121212121
1836969 1387638 87.1212121212121


1387509 1836840 87.1212121212121
1387638 1836969 87.1212121212121


1641007 1641796 87.1369294605809
1641244 1642033 87.1369294605809


1641796 1641007 87.1369294605809
1642033 1641244 87.1369294605809


267504 327660 87.1501272264631
268275 328409 87.1501272264631


267504 269816 87.1501272264631
268275 270565 87.1501272264631


269816 267504 87.1501272264631
270565 268275 87.1501272264631


327660 267504 87.1501272264631
328409 268275 87.1501272264631


1558010 198560 87.1720116618076
1558352 198902 87.1720116618076


198560 1558010 87.1720116618076
198902 1558352 87.1720116618076


1556999 214485 87.2047244094488
1557504 214992 87.2047244094488


214485 1556999 87.2047244094488
214992 1557504 87.2047244094488


25089 1436490 87.2380952380952
25610 1437013 87.2380952380952


1436490 25089 87.2380952380952
1437013 25610 87.2380952380952


1834113 103389 87.2455902306649
1835581 104849 87.2455902306649


1834113 133612 87.2455902306649
1835581 135072 87.2455902306649


103389 1834113 87.2455902306649
104849 1835581 87.2455902306649


133612 1834113 87.2455902306649
135072 1835581 87.2455902306649


1485236 1435718 87.2503840245776
1486524 1437013 87.2503840245776


1435718 1485236 87.2503840245776
1437013 1486524 87.2503840245776


156263 379733 87.2549019607843
156771 380239 87.2549019607843


379733 156263 87.2549019607843
380239 156771 87.2549019607843


391224 1686745 87.2651356993737
391701 1687223 87.2651356993737


252064 391224 87.2651356993737
252541 391701 87.2651356993737


1686745 391224 87.2651356993737
1687223 391701 87.2651356993737


391224 252064 87.2651356993737
391701 252541 87.2651356993737


1390362 133612 87.2881355932203
1392245 135476 87.2881355932203


1390362 103389 87.2881355932203
1392245 105253 87.2881355932203


103389 1390362 87.2948650079407
105253 1392245 87.2948650079407


133612 1390362 87.2948650079407
135476 1392245 87.2948650079407


1864765 103389 87.3048200950441
1866232 104849 87.3048200950441


1864765 133612 87.3048200950441
1866232 135072 87.3048200950441


103389 1864765 87.3048200950441
104849 1866232 87.3048200950441


133612 1864765 87.3048200950441
135072 1866232 87.3048200950441


143675 164965 87.3303167420815
144116 165394 87.3303167420815


164965 143675 87.3303167420815
165394 144116 87.3303167420815


1557186 197734 87.3320537428023
1557705 198253 87.3320537428023


197734 1557186 87.3320537428023
198253 1557705 87.3320537428023


1 1691288 87.3366834170854
1983 1693246 87.3366834170854


1691288 1 87.3366834170854
1693246 1983 87.3366834170854


1612581 164965 87.4186550976139
1613041 165413 87.4186550976139


164965 1612581 87.4186550976139
165413 1613041 87.4186550976139


313251 314232 87.4528301886792
314232 315279 87.4528301886792


314232 313251 87.4528301886792
315279 314232 87.4528301886792


391224 1517185 87.4739039665971
391701 1517662 87.4739039665971


391224 1548070 87.4739039665971
391701 1548547 87.4739039665971


1517185 391224 87.4739039665971
1517662 391701 87.4739039665971


1548070 391224 87.4739039665971
1548547 391701 87.4739039665971


1484791 1684714 87.6097057305111
1486708 1686626 87.6097057305111


1684714 1484791 87.6097057305111
1686626 1486708 87.6097057305111


1925105 1915115 87.6106194690265
1926115 1916056 87.6106194690265


379733 175216 87.6470588235294
380239 175724 87.6470588235294


379733 1625192 87.6470588235294
380239 1625700 87.6470588235294


175216 379733 87.6470588235294
175724 380239 87.6470588235294


1625192 379733 87.6470588235294
1625700 380239 87.6470588235294


1485782 1386804 87.6712328767123
1485921 1386944 87.6712328767123


1386804 1485782 87.6712328767123
1386944 1485921 87.6712328767123


1913459 391001 87.6777251184834
1914076 391633 87.6777251184834


391001 1913459 87.6777251184834
391633 1914076 87.6777251184834


1913667 1517185 87.8345498783455
1914076 1517594 87.8345498783455


1913667 1548070 87.8345498783455
1914076 1548479 87.8345498783455


1913667 25913 87.8345498783455
1914076 26322 87.8345498783455


1517185 1913667 87.8345498783455
1517594 1914076 87.8345498783455


1548070 1913667 87.8345498783455
1548479 1914076 87.8345498783455


25913 1913667 87.8345498783455
26322 1914076 87.8345498783455


309004 310721 87.8592532903572
312663 314235 87.8592532903572


310721 309004 87.8592532903572
314235 312663 87.8592532903572


323178 324750 87.8592532903572
326692 328409 87.8592532903572


324750 323178 87.8592532903572
328409 326692 87.8592532903572


1 1491460 87.8819264629725
1924 1493365 87.8819264629725


1491460 1 87.8819264629725
1493365 1924 87.8819264629725


1632075 1393507 87.9310344827586
1632248 1393680 87.9310344827586


1393507 1632075 87.9310344827586
1393680 1632248 87.9310344827586


373875 229604 87.9684418145957
374886 230596 87.9684418145957


373875 1605739 87.9684418145957
374886 1606731 87.9684418145957


229604 373875 87.9684418145957
230596 374886 87.9684418145957


1605739 373875 87.9684418145957
1606731 374886 87.9684418145957


1912672 358560 87.9725085910653
1912961 358843 87.9725085910653


358560 1912672 87.9725085910653
358843 1912961 87.9725085910653


1913074 1437209 88.0199667221298
1913674 1437796 88.0199667221298


1437209 1913074 88.0199667221298
1437796 1913674 88.0199667221298


1836430 1392838 88.0228136882129
1836934 1393363 88.0228136882129


1434196 1683806 88.0228136882129
1434721 1684310 88.0228136882129


1683806 1434196 88.0228136882129
1684310 1434721 88.0228136882129


1392838 1836430 88.0228136882129
1393363 1836934 88.0228136882129


1 1521976 88.0372863801139
1924 1523881 88.0372863801139


1521976 1 88.0372863801139
1523881 1924 88.0372863801139


320260 321409 88.0379532361911
323181 324162 88.0379532361911


321409 320260 88.0379532361911
324162 323181 88.0379532361911


1836139 135559 88.0434782608696
1836766 136201 88.0434782608696


1836139 105336 88.0434782608696
1836766 105978 88.0434782608696


105336 1836139 88.0434782608696
105978 1836766 88.0434782608696


135559 1836139 88.0434782608696
136201 1836766 88.0434782608696


1913667 1686745 88.0487804878049
1914075 1687153 88.0487804878049


1686745 1913667 88.0487804878049
1687153 1914075 88.0487804878049


1515590 1435718 88.0860876249039
1516882 1437013 88.0860876249039


1546475 1435718 88.0860876249039
1547767 1437013 88.0860876249039


1435718 1515590 88.0860876249039
1437013 1516882 88.0860876249039


1435718 1546475 88.0860876249039
1437013 1547767 88.0860876249039


1887067 1887208 88.0952380952381
1887191 1887332 88.0952380952381


1887208 1887067 88.0952380952381
1887332 1887191 88.0952380952381


377568 212978 88.1476224272534
378972 214376 88.1476224272534


212978 377568 88.1476224272534
214376 378972 88.1476224272534


252145 381919 88.1909547738694
252541 382315 88.1909547738694


381919 252145 88.1909547738694
382315 252541 88.1909547738694


23883 1484785 88.1981981981982
24983 1485891 88.1981981981982


1484785 23883 88.1981981981982
1485891 24983 88.1981981981982


1913667 252064 88.3211678832117
1914076 252473 88.3211678832117


252064 1913667 88.3211678832117
252473 1914076 88.3211678832117


29016 1834879 88.3597883597884
29197 1835064 88.3597883597884


29016 1865530 88.3597883597884
29197 1865715 88.3597883597884


1834879 29016 88.3597883597884
1835064 29197 88.3597883597884


1865530 29016 88.3597883597884
1865715 29197 88.3597883597884


381919 1517266 88.4422110552764
382315 1517662 88.4422110552764


381919 1548151 88.4422110552764
382315 1548547 88.4422110552764


381919 1686826 88.4422110552764
382315 1687223 88.4422110552764


1517266 381919 88.4422110552764
1517662 382315 88.4422110552764


1548151 381919 88.4422110552764
1548547 382315 88.4422110552764


1686826 381919 88.4422110552764
1687223 382315 88.4422110552764


2018760 1656219 88.5612153708668
2019868 1657331 88.5612153708668


2025389 1663488 88.5612153708668
2026497 1664600 88.5612153708668


1656219 2018760 88.5612153708668
1657331 2019868 88.5612153708668


1663488 2025389 88.5612153708668
1664600 2026497 88.5612153708668


270091 317898 88.5714285714286
270565 318385 88.5714285714286


309004 319028 88.5714285714286
309478 319515 88.5714285714286


317898 327935 88.5714285714286
318385 328409 88.5714285714286


317898 270091 88.5714285714286
318385 270565 88.5714285714286


319028 309004 88.5714285714286
319515 309478 88.5714285714286


327935 317898 88.5714285714286
328409 318385 88.5714285714286


156877 1558263 88.6
158862 1560242 88.6


1558263 156877 88.6
1560242 158862 88.6


1520687 104151 88.6486486486487
1520869 104328 88.6486486486487


1520687 134374 88.6486486486487
1520869 134551 88.6486486486487


1551572 134374 88.6486486486487
1551754 134551 88.6486486486487


1551572 104151 88.6486486486487
1551754 104328 88.6486486486487


104151 1551572 88.6486486486487
104328 1551754 88.6486486486487


104151 1520687 88.6486486486487
104328 1520869 88.6486486486487


134374 1520687 88.6486486486487
134551 1520869 88.6486486486487


134374 1551572 88.6486486486487
134551 1551754 88.6486486486487


311578 314221 88.6914378029079
313943 316652 88.6914378029079


314221 311578 88.6914378029079
316652 313943 88.6914378029079


1924979 1915115 88.6941279579316
1926115 1916182 88.6941279579316


1913936 1928107 88.7096774193548
1914116 1928291 88.7096774193548


1928107 1913936 88.7096774193548
1928291 1914116 88.7096774193548


267504 323701 88.7463930747034
270565 326692 88.7463930747034


323701 267504 88.7463930747034
326692 270565 88.7463930747034


1913755 381926 88.8198757763975
1914076 382247 88.8198757763975


381926 1913755 88.8198757763975
382247 1914076 88.8198757763975


1557298 1560239 88.8475836431227
1557835 1560776 88.8475836431227


1560239 1557298 88.8475836431227
1560776 1557835 88.8475836431227


267504 324265 88.9068042566914
270535 327237 88.9068042566914


324265 267504 88.9068042566914
327237 270535 88.9068042566914


1866790 105336 88.9078498293515
1867360 105921 88.9078498293515


1866790 135559 88.9078498293515
1867360 136144 88.9078498293515


105336 1866790 88.9078498293515
105921 1867360 88.9078498293515


135559 1866790 88.9078498293515
136144 1867360 88.9078498293515


1834879 1551572 88.9473684210526
1835064 1551758 88.9473684210526


1834879 1520687 88.9473684210526
1835064 1520873 88.9473684210526


1865530 1520687 88.9473684210526
1865715 1520873 88.9473684210526


1865530 1551572 88.9473684210526
1865715 1551758 88.9473684210526


1520687 1865530 88.9473684210526
1520873 1865715 88.9473684210526


1520687 1834879 88.9473684210526
1520873 1835064 88.9473684210526


1551572 1834879 88.9473684210526
1551758 1835064 88.9473684210526


1551572 1865530 88.9473684210526
1551758 1865715 88.9473684210526


255312 134374 88.9502762430939
255491 134551 88.9502762430939


255312 104151 88.9502762430939
255491 104328 88.9502762430939


104151 255312 88.9502762430939
104328 255491 88.9502762430939


134374 255312 88.9502762430939
134551 255491 88.9502762430939


1830580 1516136 88.9705882352941
1830711 1516269 88.9705882352941


1830580 1547021 88.9705882352941
1830711 1547154 88.9705882352941


1861232 1516136 88.9705882352941
1861363 1516269 88.9705882352941


1861232 1547021 88.9705882352941
1861363 1547154 88.9705882352941


1516136 1830580 88.9705882352941
1516269 1830711 88.9705882352941


1516136 1861232 88.9705882352941
1516269 1861363 88.9705882352941


1547021 1861232 88.9705882352941
1547154 1861363 88.9705882352941


1547021 1830580 88.9705882352941
1547154 1830711 88.9705882352941


156083 1556816 89.0804597701149
156254 1556988 89.0804597701149


1556816 156083 89.0804597701149
1556988 156254 89.0804597701149


320260 324100 89.1558224891558
323192 326980 89.1558224891558


324100 320260 89.1558224891558
326980 323192 89.1558224891558


282176 1317361 89.1566265060241
282340 1317522 89.1566265060241


297229 1332093 89.1566265060241
297393 1332254 89.1566265060241


340019 1317361 89.1566265060241
340183 1317522 89.1566265060241


355070 1332093 89.1566265060241
355234 1332254 89.1566265060241


1317361 282176 89.1566265060241
1317522 282340 89.1566265060241


1317361 340019 89.1566265060241
1317522 340183 89.1566265060241


1332093 355070 89.1566265060241
1332254 355234 89.1566265060241


1332093 297229 89.1566265060241
1332254 297393 89.1566265060241


23156 249292 89.1797556719023
23721 249863 89.1797556719023


249292 23156 89.1797556719023
249863 23721 89.1797556719023


105912 1393369 89.261744966443
106060 1393517 89.261744966443


136135 1393369 89.261744966443
136283 1393517 89.261744966443


1393369 105912 89.261744966443
1393517 106060 89.261744966443


1393369 136135 89.261744966443
1393517 136283 89.261744966443


1580055 1410111 89.3617021276596
1580194 1410250 89.3617021276596


1580867 1417309 89.3617021276596
1581006 1417448 89.3617021276596


1410111 1580055 89.3617021276596
1410250 1580194 89.3617021276596


1417309 1580867 89.3617021276596
1417448 1581006 89.3617021276596


264071 1468027 89.365401332947
267504 1471467 89.365401332947


1468027 264071 89.365401332947
1471467 267504 89.365401332947


266231 1420397 89.375
267504 1421675 89.375


1420397 266231 89.375
1421675 267504 89.375


310433 314221 89.3787575150301
313313 317153 89.3787575150301


314221 310433 89.3787575150301
317153 313313 89.3787575150301


2019261 278748 89.4067796610169
2019495 278983 89.4067796610169


2019261 336591 89.4067796610169
2019495 336826 89.4067796610169


2025762 300586 89.4067796610169
2025996 300821 89.4067796610169


278748 2019261 89.4067796610169
278983 2019495 89.4067796610169


300586 2025762 89.4067796610169
300821 2025996 89.4067796610169


336591 2019261 89.4067796610169
336826 2019495 89.4067796610169


1834879 255312 89.4179894179894
1835064 255495 89.4179894179894


1865530 255312 89.4179894179894
1865715 255495 89.4179894179894


255312 1834879 89.4179894179894
255495 1835064 89.4179894179894


255312 1865530 89.4179894179894
255495 1865715 89.4179894179894


268364 317898 89.4563426688633
268955 318489 89.4563426688633


310614 318924 89.4563426688633
311205 319515 89.4563426688633


317898 326208 89.4563426688633
318489 326799 89.4563426688633


317898 268364 89.4563426688633
318489 268955 89.4563426688633


318924 310614 89.4563426688633
319515 311205 89.4563426688633


326208 317898 89.4563426688633
326799 318489 89.4563426688633


323181 324252 89.484927605032
327237 328379 89.484927605032


324252 323181 89.484927605032
328379 327237 89.484927605032


309034 310176 89.5798718253026
313161 314232 89.5798718253026


310176 309034 89.5798718253026
314232 313161 89.5798718253026


1651247 1374388 89.6028037383178
1652954 1376069 89.6028037383178


1374388 1651247 89.6028037383178
1376069 1652954 89.6028037383178


1915115 1918855 89.6368467670505
1916172 1919975 89.6368467670505


23118 1514361 89.6683673469388
26987 1518259 89.6683673469388


23118 1545246 89.6683673469388
26987 1549144 89.6683673469388


1514361 23118 89.6683673469388
1518259 26987 89.6683673469388


1545246 23118 89.6683673469388
1549144 26987 89.6683673469388


1834879 1490176 89.7849462365591
1835064 1490357 89.7849462365591


1865530 1490176 89.7849462365591
1865715 1490357 89.7849462365591


1490176 1834879 89.7849462365591
1490357 1835064 89.7849462365591


1490176 1865530 89.7849462365591
1490357 1865715 89.7849462365591


1830576 1436263 89.8550724637681
1830711 1436397 89.8550724637681


1861228 1436263 89.8550724637681
1861363 1436397 89.8550724637681


29040 1391162 89.8550724637681
29175 1391296 89.8550724637681


1391162 1690028 89.8550724637681
1391296 1690163 89.8550724637681


1690028 1391162 89.8550724637681
1690163 1391296 89.8550724637681


1436263 1861228 89.8550724637681
1436397 1861363 89.8550724637681


1436263 1830576 89.8550724637681
1436397 1830711 89.8550724637681


1391162 29040 89.8550724637681
1391296 29175 89.8550724637681


311751 318924 89.871382636656
312366 319515 89.871382636656


317898 325047 89.871382636656
318489 325662 89.871382636656


318924 311751 89.871382636656
319515 312366 89.871382636656


325047 317898 89.871382636656
325662 318489 89.871382636656


1558263 175830 89.9197592778335
1560242 177814 89.9197592778335


1558263 1625806 89.9197592778335
1560242 1627790 89.9197592778335


175830 1558263 89.9197592778335
177814 1560242 89.9197592778335


1625806 1558263 89.9197592778335
1627790 1560242 89.9197592778335


267504 324766 89.9397016820057
270565 327846 89.9397016820057


324766 267504 89.9397016820057
327846 270565 89.9397016820057


23064 1683855 90.0376411543287
26989 1687822 90.0376411543287


1683855 23064 90.0376411543287
1687822 26989 90.0376411543287


267504 325930 90.0431203449628
270002 328409 90.0431203449628


267504 268086 90.0431203449628
270002 270565 90.0431203449628


268086 267504 90.0431203449628
270565 270002 90.0431203449628


325930 267504 90.0431203449628
328409 270002 90.0431203449628


1915115 1924979 90.0833333333333
1916308 1926115 90.0833333333333


267504 322717 90.224032586558
267991 323192 90.224032586558


322717 267504 90.224032586558
323192 267991 90.224032586558


1556816 175035 90.2298850574713
1556988 175207 90.2298850574713


1556816 1625011 90.2298850574713
1556988 1625183 90.2298850574713


175035 1556816 90.2298850574713
175207 1556988 90.2298850574713


1625011 1556816 90.2298850574713
1625183 1556988 90.2298850574713


269647 320262 90.3083700440529
270533 321152 90.3083700440529


309036 316261 90.3083700440529
309922 317151 90.3083700440529


316261 309036 90.3083700440529
317151 309922 90.3083700440529


320262 327491 90.3083700440529
321152 328377 90.3083700440529


320262 269647 90.3083700440529
321152 270533 90.3083700440529


327491 320262 90.3083700440529
328377 321152 90.3083700440529


1832891 1389142 90.3605592347314
1835581 1391841 90.3605592347314


1863543 1389142 90.3605592347314
1866232 1391841 90.3605592347314


1389142 1863543 90.3605592347314
1391841 1866232 90.3605592347314


1389142 1832891 90.3605592347314
1391841 1835581 90.3605592347314


1922669 1915118 90.3840600635287
1926115 1918426 90.3840600635287


242657 1677368 90.3880463871543
247103 1681823 90.3880463871543


1677368 242657 90.3880463871543
1681823 247103 90.3880463871543


316103 318917 90.4376012965964
316713 319515 90.4376012965964


317898 320700 90.4376012965964
318496 321310 90.4376012965964


318917 316103 90.4376012965964
319515 316713 90.4376012965964


320700 317898 90.4376012965964
321310 318496 90.4376012965964


313922 314396 90.4458598726115
314232 314709 90.4458598726115


314396 313922 90.4458598726115
314709 314232 90.4458598726115


322704 323181 90.4458598726115
323017 323491 90.4458598726115


323181 322704 90.4458598726115
323491 323017 90.4458598726115


2022953 358913 90.4985888993415
2024003 359965 90.4985888993415


358913 2022953 90.4985888993415
359965 2024003 90.4985888993415


28887 1551445 90.5286343612335
29335 1551896 90.5286343612335


1551445 28887 90.5286343612335
1551896 29335 90.5286343612335


1834122 1890046 90.5367231638418
1834824 1890746 90.5367231638418


1864774 1890046 90.5367231638418
1865476 1890746 90.5367231638418


1834122 1942406 90.5367231638418
1834824 1943106 90.5367231638418


1864774 1942406 90.5367231638418
1865476 1943106 90.5367231638418


1890046 1834122 90.5367231638418
1890746 1834824 90.5367231638418


1890046 1864774 90.5367231638418
1890746 1865476 90.5367231638418


1942406 1864774 90.5367231638418
1943106 1865476 90.5367231638418


1942406 1834122 90.5367231638418
1943106 1834824 90.5367231638418


267504 269231 90.5494505494506
268848 270565 90.5494505494506


267504 327075 90.5494505494506
268848 328409 90.5494505494506


269231 267504 90.5494505494506
270565 268848 90.5494505494506


327075 267504 90.5494505494506
328409 268848 90.5494505494506


29016 134374 90.5555555555556
29193 134551 90.5555555555556


29016 104151 90.5555555555556
29193 104328 90.5555555555556


104151 29016 90.5555555555556
104328 29193 90.5555555555556


134374 29016 90.5555555555556
134551 29193 90.5555555555556


255336 1391162 90.5797101449275
