#-- reverse hits sorted by %sim
0 0 0
0 0 0


8726 139759 72.4590163934426
9030 139521 72.4590163934426


956147 1683484 73
956546 1682986 73


8732 184150 78.0769230769231
8991 183924 78.0769230769231


1629143 934890 78.1385281385281
1630056 933986 78.1385281385281


956284 948840 78.1725888324873
956623 948447 78.1725888324873


1707417 1668125 78.9173789173789
1708114 1667428 78.9173789173789


1667428 1708114 78.9473684210526
1668125 1707417 78.9473684210526


1563617 955140 79.4585987261146
1564241 954531 79.4585987261146


954531 1564241 79.4585987261146
955140 1563617 79.4585987261146


1700071 924951 80.8417997097242
1700751 924281 80.8417997097242


924281 1700751 80.8417997097242
924951 1700071 80.8417997097242


933238 1630806 80.884109916368
934890 1629143 80.884109916368


1593266 1543224 81.3479623824451
1593898 1542590 81.3479623824451


1542590 1593898 81.3479623824451
1543224 1593266 81.3479623824451


1557657 160971 81.532416502947
1558162 160466 81.532416502947


160466 1558162 81.532416502947
160971 1557657 81.532416502947


1038802 148947 81.8181818181818
1039434 148315 81.8181818181818


148315 1039434 81.8181818181818
148947 1038802 81.8181818181818


1615270 877255 81.9238900634249
1616212 876316 81.9238900634249


876316 1616212 81.9238900634249
877255 1615270 81.9238900634249


1623652 1082571 82.0083682008368
1624593 1081643 82.0083682008368


1081643 1624593 82.0083682008368
1082571 1623652 82.0083682008368


1587101 953988 82.4064711830131
1588087 953020 82.4064711830131


953020 1588087 82.4064711830131
953988 1587101 82.4064711830131


885221 894999 82.4341279799247
886013 894213 82.4341279799247


894213 886013 82.4341279799247
894999 885221 82.4341279799247


1715932 1549886 82.5995807127883
1716407 1549411 82.5995807127883


1549411 1716407 82.5995807127883
1549886 1715932 82.5995807127883


139521 8931 82.8451882845188
139759 8726 82.8451882845188


173716 934773 82.8947368421053
174018 934474 82.8947368421053


934474 174018 82.8947368421053
934773 173716 82.8947368421053


1614579 165402 82.9573934837093
1614976 165005 82.9573934837093


165005 1614976 82.9573934837093
165402 1614579 82.9573934837093


158647 1558743 83.2684824902724
159156 1558238 83.2684824902724


1672745 877721 83.2976445396146
1673201 877272 83.2976445396146


877272 1673201 83.2976445396146
877721 1672745 83.2976445396146


1558238 159156 83.3009708737864
1558743 158647 83.3009708737864


965186 929449 83.3333333333333
965598 929037 83.3333333333333


929037 965598 83.3333333333333
929449 965186 83.3333333333333


1557010 1064613 83.5149863760218
1557733 1063883 83.5149863760218


1063883 1557733 83.5149863760218
1064613 1557010 83.5149863760218


876316 931003 83.5805084745763
877258 930061 83.5805084745763


930061 877258 83.5805084745763
931003 876316 83.5805084745763


1688028 1623988 83.6990595611285
1688330 1623674 83.6990595611285


1623674 1688330 83.6990595611285
1623988 1688028 83.6990595611285


1629058 72065 83.8056680161943
1629295 71824 83.8056680161943


934409 876796 83.984375
934920 876285 83.984375


1635154 936548 83.9851024208566
1635678 936017 83.9851024208566


936017 1635678 83.9851024208566
936548 1635154 83.9851024208566


1541994 1696412 84.5860566448802
1543816 1694584 84.5860566448802


1593278 1604267 84.5864661654135
1593542 1604003 84.5864661654135


1604003 1593542 84.5864661654135
1604267 1593278 84.5864661654135


1542099 1682979 84.5888441633122
1543820 1681251 84.5888441633122


1681251 1543820 84.5888441633122
1682979 1542099 84.5888441633122


1694584 1543816 84.594447468699
1696412 1541994 84.594447468699


1587392 1623251 84.648493543759
1588087 1622574 84.648493543759


1622574 1588087 84.648493543759
1623251 1587392 84.648493543759


1063320 148010 84.7787610619469
1063883 147447 84.7787610619469


147447 1063883 84.7787610619469
148010 1063320 84.7787610619469


1620324 1686931 84.86646884273
1620660 1686607 84.86646884273


1686607 1620660 84.86646884273
1686931 1620324 84.86646884273


1681256 1604897 84.8763250883392
1682647 1603487 84.8763250883392


1603487 1682647 84.8763250883392
1604897 1681256 84.8763250883392


1677978 1608998 84.9915682967959
1679130 1607831 84.9915682967959


1607831 1679130 84.9915682967959
1608998 1677978 84.9915682967959


1622576 1595474 85.0523168908819
1623234 1594811 85.0523168908819


1594811 1623234 85.0523168908819
1595474 1622576 85.0523168908819


965812 1614029 85.181236673774
966746 1613095 85.181236673774


1613095 966746 85.181236673774
1614029 965812 85.181236673774


965812 928823 85.2127659574468
966749 927886 85.2127659574468


927886 966749 85.2127659574468
928823 965812 85.2127659574468


1656673 152755 85.3185595567867
1657029 152404 85.3185595567867


152404 1657029 85.3185595567867
152755 1656673 85.3185595567867


1549409 1078540 85.3293413173653
1551073 1076879 85.3293413173653


1076879 1551073 85.3293413173653
1078540 1549409 85.3293413173653


876285 934920 85.3535353535353
876680 934525 85.3535353535353


1708664 1666904 85.4505971769815
1709566 1665988 85.4505971769815


1665988 1709566 85.4505971769815
1666904 1708664 85.4505971769815


965186 1614655 85.4545454545455
965514 1614327 85.4545454545455


1614327 965514 85.4545454545455
1614655 965186 85.4545454545455


981241 934941 85.5555555555556
981778 934407 85.5555555555556


934407 981778 85.5555555555556
934941 981241 85.5555555555556


1547438 1080514 85.6072766185126
1549287 1078656 85.6072766185126


1078656 1549287 85.6072766185126
1080514 1547438 85.6072766185126


1683152 956467 85.6287425149701
1683484 956147 85.6287425149701


969009 1666904 85.6677524429967
969920 1665989 85.6677524429967


1665989 969920 85.6677524429967
1666904 969009 85.6677524429967


954523 1082299 85.6733524355301
955205 1081620 85.6733524355301


1081620 955205 85.6733524355301
1082299 954523 85.6733524355301


1562298 957493 85.676741130092
1563058 956733 85.676741130092


956733 1563058 85.676741130092
957493 1562298 85.676741130092


1559539 176931 85.7142857142857
1559797 176673 85.7142857142857


929397 165378 85.7142857142857
929753 165022 85.7142857142857


165022 929753 85.7142857142857
165378 929397 85.7142857142857


176673 1559797 85.7142857142857
176931 1559539 85.7142857142857


1589661 1564132 85.7418111753372
1590176 1563617 85.7418111753372


1563617 1590176 85.7418111753372
1564132 1589661 85.7418111753372


900516 1609865 85.7798165137615
900945 1609445 85.7798165137615


1609445 900945 85.812356979405
1609865 900516 85.812356979405


1552979 1068721 85.8356940509915
1556136 1065557 85.8356940509915


1065557 1556136 85.8356940509915
1068721 1552979 85.8356940509915


957499 1600246 85.8672376873662
957955 1599782 85.8672376873662


1599782 957955 85.8672376873662
1600246 957499 85.8672376873662


74225 1607914 85.8823529411765
74392 1607745 85.8823529411765


1607745 74392 85.8823529411765
1607914 74225 85.8823529411765


1555202 157995 85.9259259259259
1555866 157322 85.9259259259259


157322 1555866 85.9259259259259
157995 1555202 85.9259259259259


1587432 1600160 85.9567901234568
1588079 1599528 85.9567901234568


1599528 1588079 85.9567901234568
1600160 1587432 85.9567901234568


953022 1595474 86.053882725832
953645 1594847 86.053882725832


1594847 953645 86.053882725832
1595474 953022 86.053882725832


1662458 928581 86.1286254728878
1664027 927011 86.1286254728878


927011 1664027 86.1286254728878
928581 1662458 86.1286254728878


1564647 1623525 86.2688296639629
1566363 1621815 86.2688296639629


1621815 1566363 86.2688296639629
1623525 1564647 86.2688296639629


1585443 1560789 86.3636363636364
1585792 1560440 86.3636363636364


1560440 1585792 86.3636363636364
1560789 1585443 86.3636363636364


1558667 142142 86.3731656184486
1561044 139765 86.3731656184486


139765 1561044 86.3731656184486
142142 1558667 86.3731656184486


1698666 917129 86.6004962779156
1699068 916729 86.6004962779156


916729 1699068 86.6004962779156
917129 1698666 86.6004962779156


958135 879772 86.6935483870968
959098 878782 86.6935483870968


878782 959098 86.6935483870968
879772 958135 86.6935483870968


935555 145403 86.8031854379977
936431 144533 86.8031854379977


144533 936431 86.8031854379977
145403 935555 86.8031854379977


954098 1082571 86.8167202572347
954397 1082267 86.8167202572347


1082267 954397 86.8167202572347
1082571 954098 86.8167202572347


1567381 1620847 86.946386946387
1567808 1620421 86.946386946387


1620421 1567808 86.946386946387
1620847 1567381 86.946386946387


1603487 1695976 87.0138888888889
1604921 1694561 87.0138888888889


1553323 164961 87.0246085011186
1553768 164519 87.0246085011186


164519 1553768 87.0246085011186
164961 1553323 87.0246085011186


1694561 1604921 87.0563674321503
1695976 1603487 87.0563674321503


958135 880836 87.1399176954732
959098 879873 87.1399176954732


879873 959098 87.1399176954732
880836 958135 87.1399176954732


1680632 1070827 87.1455576559546
1681147 1070300 87.1455576559546


1070300 1681147 87.1455576559546
1070827 1680632 87.1455576559546


1716536 1549276 87.146529562982
1716923 1548891 87.146529562982


1548891 1716923 87.146529562982
1549276 1716536 87.146529562982


1684205 1626256 87.2727272727273
1684424 1626037 87.2727272727273


1626037 1684424 87.2727272727273
1626256 1684205 87.2727272727273


1694561 1070131 87.4911660777385
1695970 1068721 87.4911660777385


1068721 1695970 87.4911660777385
1070131 1694561 87.4911660777385


1661856 1630825 87.6470588235294
1662364 1630319 87.6470588235294


1630319 1662364 87.6470588235294
1630825 1661856 87.6470588235294


1688057 954397 87.6760563380282
1688330 954120 87.6760563380282


954120 1688330 87.6760563380282
954397 1688057 87.6760563380282


173405 1100112 87.7022653721683
173713 1099804 87.7022653721683


1099804 173713 87.7022653721683
1100112 173405 87.7022653721683


1565184 1599940 88.135593220339
1565596 1599528 88.135593220339


1599528 1565596 88.135593220339
1599940 1565184 88.135593220339


1541655 163101 88.1553398058252
1542167 162588 88.1553398058252


162588 1542167 88.1553398058252
163101 1541655 88.1553398058252


183924 8991 88.477366255144
184166 8749 88.477366255144


183924 8958 88.5462555066079
184150 8732 88.5462555066079


174643 1098352 88.5542168674699
174808 1098187 88.5542168674699


1098187 174808 88.5542168674699
1098352 174643 88.5542168674699


1688330 1548576 88.58329008822
1692177 1544734 88.58329008822


1544734 1692177 88.58329008822
1548576 1688330 88.58329008822


1629144 931003 88.7898089171975
1633065 927093 88.7898089171975


927093 1633065 88.7898089171975
931003 1629144 88.7898089171975


139521 9030 88.8412017167382
139753 8798 88.8412017167382


1612435 1632927 88.8449367088608
1616212 1629144 88.8449367088608


1629144 1616212 88.8449367088608
1632927 1612435 88.8449367088608


183924 9090 88.8888888888889
184166 8848 88.8888888888889


1712683 915011 88.937664618086
1714922 912783 88.937664618086


912783 1714922 88.937664618086
915011 1712683 88.937664618086


1656566 1653183 88.9423076923077
1656772 1652976 88.9423076923077


1652976 1656772 88.9423076923077
1653183 1656566 88.9423076923077


160973 1099875 88.9502762430939
161515 1099333 88.9502762430939


1099333 161515 88.9502762430939
1099875 160973 88.9502762430939


1686970 950852 89.041095890411
1687544 950279 89.041095890411


950279 1687544 89.041095890411
950852 1686970 89.041095890411


1554283 172774 89.0965732087227
1554600 172456 89.0965732087227


172456 1554600 89.0965732087227
172774 1554283 89.0965732087227


1709645 915885 89.1275167785235
1710384 915147 89.1275167785235


915147 1710384 89.1275167785235
915885 1709645 89.1275167785235


1584657 172070 89.1791044776119
1584921 171807 89.1791044776119


171807 1584921 89.1791044776119
172070 1584657 89.1791044776119


1618500 1602796 89.2116182572614
1618737 1602559 89.2116182572614


1602559 1618737 89.2116182572614
1602796 1618500 89.2116182572614


948447 956623 89.4117647058824
948786 956284 89.4117647058824


1683295 1081613 89.5287958115183
1683484 1081424 89.5287958115183


1081424 1683484 89.5287958115183
1081613 1683295 89.5287958115183


1078204 168333 89.5408163265306
1078595 167942 89.5408163265306


167942 1078595 89.5408163265306
168333 1078204 89.5408163265306


1686797 956434 89.5604395604396
1686978 956253 89.5604395604396


956253 1686978 89.5604395604396
956434 1686797 89.5604395604396


901272 1602980 89.5622895622896
901565 1602687 89.5622895622896


1602687 901565 89.5622895622896
1602980 901272 89.5622895622896


953965 182284 89.622641509434
954173 182074 89.622641509434


1691998 1606661 89.6713615023474
1692207 1606449 89.6713615023474


182074 954173 89.6713615023474
182284 953965 89.6713615023474


1606449 1692207 89.6713615023474
1606661 1691998 89.6713615023474


1540819 949877 89.6792189679219
1541534 949162 89.6792189679219


949162 1541534 89.6792189679219
949877 1540819 89.6792189679219


160971 150042 89.7247706422018
161515 149498 89.7247706422018


149498 161515 89.7247706422018
150042 160971 89.7247706422018


1560063 2963 89.7297297297297
1560431 2594 89.7297297297297


2594 1560431 89.7297297297297
2963 1560063 89.7297297297297


164067 142142 89.7777777777778
164516 141693 89.7777777777778


141693 164516 89.7777777777778
142142 164067 89.7777777777778


1611797 1664455 89.7846770155233
1613776 1662470 89.7846770155233


1662470 1613776 89.7846770155233
1664455 1611797 89.7846770155233


1077515 622 89.8222940226171
1078133 7 89.8222940226171


7 1078133 89.8222940226171
622 1077515 89.8222940226171


1540968 7913 89.8550724637681
1541172 7708 89.8550724637681


7708 1541172 89.8550724637681
7913 1540968 89.8550724637681


1611258 1631164 89.8897058823529
1611800 1630621 89.8897058823529


1630621 1611800 89.8897058823529
1631164 1611258 89.8897058823529


1550997 161515 89.9082568807339
1551541 160971 89.9082568807339


160971 1551541 89.9082568807339
161515 1550997 89.9082568807339


1698634 1657764 89.9543378995434
1699067 1657329 89.9543378995434


1657329 1699067 89.9543378995434
1657764 1698634 89.9543378995434


1629057 162315 90
1629316 162059 90


162059 1629316 90
162315 1629057 90


1586098 1541340 90.0881057268722
1586551 1540887 90.0881057268722


1540887 1586551 90.0881057268722
1541340 1586098 90.0881057268722


1620046 1687317 90.1785714285714
1620269 1687094 90.1785714285714


1687094 1620269 90.1785714285714
1687317 1620046 90.1785714285714


916232 1656834 90.2097902097902
916517 1656549 90.2097902097902


1656549 916517 90.2097902097902
1656834 916232 90.2097902097902


1615051 1661847 90.2298850574713
1615223 1661675 90.2298850574713


1661675 1615223 90.2298850574713
1661847 1615051 90.2298850574713


1545875 174639 90.2597402597403
1546182 174332 90.2597402597403


174332 1546182 90.2597402597403
174639 1545875 90.2597402597403


1681257 1070106 90.338860850757
1682641 1068721 90.338860850757


1068721 1682641 90.338860850757
1070106 1681257 90.338860850757


8881 184166 90.4761904761905
9090 183957 90.4761904761905


183957 9090 90.4761904761905
184166 8881 90.4761904761905


1582442 1622106 90.4761904761905
1582733 1621815 90.4761904761905


1621815 1582733 90.4761904761905
1622106 1582442 90.4761904761905


2160 147230 90.4872389791183
2590 146800 90.4872389791183


146800 2590 90.4872389791183
147230 2160 90.4872389791183


1568552 1673062 90.4907975460123
1568877 1672745 90.4907975460123


1672745 1568877 90.4907975460123
1673062 1568552 90.4907975460123


1541461 5014 90.4942965779468
1541723 4752 90.4942965779468


4752 1541723 90.4942965779468
5014 1541461 90.4942965779468


1079371 168703 90.5660377358491
1079741 168333 90.5660377358491


168333 1079741 90.5660377358491
168703 1079371 90.5660377358491


1677706 1609358 90.6593406593407
1678054 1608998 90.6593406593407


1608998 1678054 90.6593406593407
1609358 1677706 90.6593406593407


1545696 165840 90.6605922551253
1546134 165402 90.6605922551253


165402 1546134 90.6605922551253
165840 1545696 90.6605922551253


1606661 1603487 90.6698564593301
1607077 1603070 90.6698564593301


1608582 1600663 90.6698564593301
1608998 1600246 90.6698564593301


1600246 1608998 90.6698564593301
1600663 1608582 90.6698564593301


1603070 1607077 90.6698564593301
1603487 1606661 90.6698564593301


1584676 950151 90.7042253521127
1585029 949804 90.7042253521127


949804 1585029 90.7042253521127
950151 1584676 90.7042253521127


1687499 950178 90.7297830374753
1688004 949677 90.7297830374753


949677 1688004 90.7297830374753
950178 1687499 90.7297830374753


1677978 1603487 90.7363420427554
1678398 1603070 90.7363420427554


1603070 1678398 90.7363420427554
1603487 1677978 90.7363420427554


1717462 149574 90.7766990291262
1717667 149369 90.7766990291262


149369 1717667 90.7766990291262
149574 1717462 90.7766990291262


8726 139726 90.7766990291262
8931 139521 90.7766990291262


1547792 2160 90.8536585365854
1548283 1669 90.8536585365854


1669 1548283 90.8536585365854
2160 1547792 90.8536585365854


1623116 1684095 90.8794788273616
1623727 1683484 90.8794788273616


1683484 1623727 90.8794788273616
1684095 1623116 90.8794788273616


1547144 171156 90.9365558912387
1547474 170829 90.9365558912387


170829 1547474 90.9365558912387
171156 1547144 90.9365558912387


1076879 149574 90.9667194928685
1077509 148947 90.9667194928685


148947 1077509 90.9667194928685
149574 1076879 90.9667194928685


1098703 1077588 91.1267605633803
1099409 1076879 91.1267605633803


1076879 1099409 91.1267605633803
1077588 1098703 91.1267605633803


1684214 1599940 91.1904761904762
1684632 1599521 91.1904761904762


1599521 1684632 91.1904761904762
1599940 1684214 91.1904761904762


1099204 1717667 91.2621359223301
1099409 1717462 91.2621359223301


1717462 1099409 91.2621359223301
1717667 1099204 91.2621359223301


953799 182706 91.2621359223301
954004 182501 91.2621359223301


182501 954004 91.2621359223301
182706 953799 91.2621359223301


3761 147447 91.3333333333333
3910 147298 91.3333333333333


147298 3910 91.3333333333333
147447 3761 91.3333333333333


1606432 178684 91.358024691358
1606593 178525 91.358024691358


178525 1606593 91.358024691358
178684 1606432 91.358024691358


1550865 1717670 91.3875598086124
1551073 1717462 91.3875598086124


1717462 1551073 91.3875598086124
1717670 1550865 91.3875598086124


1614624 171807 91.4110429447853
1614949 171482 91.4110429447853


929418 171807 91.4110429447853
929743 171482 91.4110429447853


171482 929743 91.4110429447853
171807 929418 91.4110429447853


171482 1614949 91.4110429447853
171807 1614624 91.4110429447853


1569205 1672145 91.4414414414414
1569648 1671702 91.4414414414414


1671702 1569648 91.4414414414414
1672145 1569205 91.4414414414414


1595055 8718 91.4893617021277
1595242 8531 91.4893617021277


8531 1595242 91.4893617021277
8718 1595055 91.4893617021277


1102155 6190 91.6299559471366
1102381 5964 91.6299559471366


5964 1102381 91.6299559471366
6190 1102155 91.6299559471366


948685 956439 91.6666666666667
948840 956284 91.6666666666667


1683484 954173 91.6938110749186
1684095 953562 91.6938110749186


953562 1684095 91.6938110749186
954173 1683484 91.6938110749186


8815 184166 91.7695473251029
9057 183924 91.7695473251029


183924 9057 91.7695473251029
184166 8815 91.7695473251029


1623353 182706 91.8269230769231
1623560 182499 91.8269230769231


182499 1623560 91.8269230769231
182706 1623353 91.8269230769231


1101316 1068721 91.9704173269942
1103206 1066832 91.9704173269942


1066832 1103206 91.9704173269942
1068721 1101316 91.9704173269942


1548503 178003 92.0454545454545
1548763 177740 92.0454545454545


177740 1548763 92.0454545454545
178003 1548503 92.0454545454545


1698669 1640047 92.2305764411028
1699067 1639650 92.2305764411028


1639650 1699067 92.2305764411028
1640047 1698669 92.2305764411028


1715472 912652 92.3076923076923
1715835 912295 92.3076923076923


912295 1715835 92.3076923076923
912652 1715472 92.3076923076923


1661943 171807 92.3780487804878
1662270 171482 92.3780487804878


171482 1662270 92.3780487804878
171807 1661943 92.3780487804878


1565176 953448 92.4354243542436
1566259 952365 92.4354243542436


952365 1566259 92.4354243542436
953448 1565176 92.4354243542436


1594589 8110 92.5465838509317
1594749 7950 92.5465838509317


7950 1594749 92.5465838509317
8110 1594589 92.5465838509317


173405 150277 92.5566343042071
173713 149969 92.5566343042071


149969 173713 92.5566343042071
150277 173405 92.5566343042071


1547165 183119 92.6108374384236
1547367 182917 92.6108374384236


182917 1547367 92.6108374384236
183119 1547165 92.6108374384236


1697828 156719 92.7927927927928
1697938 156612 92.7927927927928


156612 1697938 92.7927927927928
156719 1697828 92.7927927927928


1586620 1589690 92.8
1586741 1589567 92.8


1589567 1586741 92.8
1589690 1586620 92.8


1698915 1653567 92.8571428571429
1699067 1653414 92.8571428571429


1653414 1699067 92.8571428571429
1653567 1698915 92.8571428571429


1068320 4194 92.9328621908127
1068599 3912 92.9328621908127


3912 1068599 92.9328621908127
4194 1068320 92.9328621908127


1565504 170827 92.9824561403509
1565845 170486 92.9824561403509


170486 1565845 92.9824561403509
170827 1565504 92.9824561403509


1621824 1685384 93.135593220339
1623003 1684205 93.135593220339


1684205 1623003 93.135593220339
1685384 1621824 93.135593220339


1102620 172774 93.167701863354
1102939 172453 93.167701863354


172453 1102939 93.167701863354
172774 1102620 93.167701863354


1586419 1688004 93.2330827067669
1586551 1687872 93.2330827067669


1687872 1586551 93.2330827067669
1688004 1586419 93.2330827067669


1673047 156551 93.3712121212121
1673573 156025 93.3712121212121


156025 1673573 93.3712121212121
156551 1673047 93.3712121212121


1067662 5267 93.469387755102
1067906 5023 93.469387755102


5023 1067906 93.469387755102
5267 1067662 93.469387755102


174947 1623422 93.4707903780069
175237 1623132 93.4707903780069


1623132 175237 93.4707903780069
1623422 174947 93.4707903780069


1697826 144512 93.5714285714286
1698244 144097 93.5714285714286


144097 1698244 93.5714285714286
144512 1697826 93.5714285714286


1688004 1687740 93.6
1688125 1687616 93.6


1687616 1688125 93.6
1687740 1688004 93.6


1569822 1671688 93.6265709156194
1572041 1669472 93.6265709156194


1669472 1572041 93.6265709156194
1671688 1569822 93.6265709156194


471760 471760 93.8053097345133
471872 471651 93.8053097345133


471651 471872 93.8053097345133
471760 471760 93.8053097345133


876285 978437 93.8931297709924
876415 978307 93.8931297709924


978307 876415 93.8931297709924
978437 876285 93.8931297709924


1558675 6414 94.1964285714286
1558898 6191 94.1964285714286


6191 1558898 94.1964285714286
6414 1558675 94.1964285714286


1657628 145877 94.2028985507246
1657764 145742 94.2028985507246


145742 1657764 94.2028985507246
145877 1657628 94.2028985507246


1684205 953449 94.5571955719557
1685288 952366 94.5571955719557


952366 1685288 94.5571955719557
953449 1684205 94.5571955719557


157322 146873 94.6587537091988
157995 146200 94.6587537091988


146200 157995 94.6587537091988
146873 157322 94.6587537091988


974671 1617019 94.6969696969697
974934 1616758 94.6969696969697


1616758 974934 94.6969696969697
1617019 974671 94.6969696969697


157995 1064535 94.7932618683001
158647 1063883 94.7932618683001


1063883 158647 94.7932618683001
1064535 157995 94.7932618683001


1065253 147447 94.84404837683
1066823 145877 94.84404837683


145877 1066823 94.84404837683
147447 1065253 94.84404837683


1072172 178685 95.0310559006211
1072332 178525 95.0310559006211


178525 1072332 95.0310559006211
178685 1072172 95.0310559006211


1584787 1082312 95.0310559006211
1584947 1082155 95.0310559006211


1082155 1584947 95.0310559006211
1082312 1584787 95.0310559006211


973330 73707 95.0629235237173
974349 72678 95.0629235237173


72678 974349 95.0629235237173
73707 973330 95.0629235237173


175815 1066732 95.0877192982456
176099 1066448 95.0877192982456


1066448 176099 95.0877192982456
1066732 175815 95.0877192982456


174946 953869 95.1219512195122
175232 953583 95.1219512195122


953583 175232 95.1219512195122
953869 174946 95.1219512195122


1691166 1073232 95.2941176470588
1692269 1072129 95.2941176470588


1072129 1692269 95.2941176470588
1073232 1691166 95.2941176470588


1623936 171914 95.3703703703704
1624043 171807 95.3703703703704


171807 1624043 95.3703703703704
171914 1623936 95.3703703703704


164075 6414 95.5555555555556
164299 6190 95.5555555555556


6190 164299 95.5555555555556
6414 164075 95.5555555555556


1607136 1602569 95.5903271692745
1608523 1601164 95.5903271692745


1601164 1608523 95.5903271692745
1602569 1607136 95.5903271692745


165609 5735 95.6896551724138
165840 5504 95.6896551724138


5504 165840 95.6896551724138
5735 165609 95.6896551724138


180041 8286 95.7575757575758
180205 8122 95.7575757575758


8122 180205 95.7575757575758
8286 180041 95.7575757575758


1656549 1657116 95.7894736842105
1656643 1657022 95.7894736842105


1657022 1656643 95.7894736842105
1657116 1656549 95.7894736842105


165447 7489 95.8139534883721
165661 7275 95.8139534883721


7275 165661 95.8139534883721
7489 165447 95.8139534883721


1085145 178265 95.8174904942966
1085407 178003 95.8174904942966


178003 1085407 95.8174904942966
178265 1085145 95.8174904942966


1673721 1676329 95.8208955223881
1674389 1675662 95.8208955223881


1675662 1674389 95.8208955223881
1676329 1673721 95.8208955223881


1688330 168703 95.9568733153639
1688700 168333 95.9568733153639


168333 1688700 95.9568733153639
168703 1688330 95.9568733153639


978307 1105299 96.078431372549
978510 1105096 96.078431372549


1105096 978510 96.078431372549
1105299 978307 96.078431372549


1614437 1662465 96.078431372549
1614538 1662364 96.078431372549


1662364 1614538 96.078431372549
1662465 1614437 96.078431372549


6851 6631 96.2085308056872
7061 6421 96.2085308056872


6421 7061 96.2085308056872
6631 6851 96.2085308056872


1691170 7702 96.2264150943396
1691381 7491 96.2264150943396


7491 1691381 96.2264150943396
7702 1691170 96.2264150943396


160419 167942 96.25
160818 167543 96.25


167543 160818 96.25
167942 160419 96.25


1573279 1573779 96.2686567164179
1573412 1573648 96.2686567164179


1573648 1573412 96.2686567164179
1573779 1573279 96.2686567164179


1687772 6847 96.3133640552995
1687988 6631 96.3133640552995


6631 1687988 96.3133640552995
6847 1687772 96.3133640552995


176935 173090 96.3235294117647
177206 172819 96.3235294117647


172819 177206 96.3235294117647
173090 176935 96.3235294117647


956943 6631 96.3302752293578
957160 6414 96.3302752293578


6414 957160 96.3302752293578
6631 956943 96.3302752293578


1559895 181422 96.3800904977376
1560115 181202 96.3800904977376


181202 1560115 96.3800904977376
181422 1559895 96.3800904977376


759414 184034 96.3963963963964
759524 183924 96.3963963963964


183924 759524 96.3963963963964
184034 759414 96.3963963963964


1104559 181202 96.4125560538117
1104778 180980 96.4125560538117


180980 1104778 96.4125560538117
181202 1104559 96.4125560538117


1716923 140360 96.4809384164223
1717263 140020 96.4809384164223


140020 1717263 96.4809384164223
140360 1716923 96.4809384164223


1585443 1717263 96.4809384164223
1585783 1716923 96.4809384164223


1716923 1585783 96.4809384164223
1717263 1585443 96.4809384164223


183326 1067046 96.5174129353234
183526 1066846 96.5174129353234


1066846 183526 96.5174129353234
1067046 183326 96.5174129353234


1101663 164961 96.6367713004484
1102108 164516 96.6367713004484


164516 1102108 96.6367713004484
164961 1101663 96.6367713004484


1716073 168333 96.6836734693878
1716464 167942 96.6836734693878


167942 1716464 96.6836734693878
168333 1716073 96.6836734693878


1564122 1568482 96.7213114754098
1564242 1568361 96.7213114754098


1568361 1564242 96.7213114754098
1568482 1564122 96.7213114754098


165624 5964 96.7741935483871
165840 5748 96.7741935483871


5748 165840 96.7741935483871
5964 165624 96.7741935483871


1682986 956546 96.7741935483871
1683078 956454 96.7741935483871


182917 4674 97
183116 4475 97


4475 183116 97
4674 182917 97


1687447 172131 97.037037037037
1687716 171862 97.037037037037


171862 1687716 97.037037037037
172131 1687447 97.037037037037


1684534 170827 97.0760233918129
1684875 170486 97.0760233918129


170486 1684875 97.0760233918129
170827 1684534 97.0760233918129


175237 149154 97.1153846153846
175444 148947 97.1153846153846


148947 175444 97.1153846153846
149154 175237 97.1153846153846


1679024 1601974 97.1698113207547
1679129 1601869 97.1698113207547


1601869 1679129 97.1698113207547
1601974 1679024 97.1698113207547


174425 7489 97.2093023255814
174639 7275 97.2093023255814


7275 174639 97.2093023255814
7489 174425 97.2093023255814


956699 173090 97.4763406940063
957015 172774 97.4763406940063


172774 957015 97.4763406940063
173090 956699 97.4763406940063


1689461 4752 97.4820143884892
1689738 4475 97.4820143884892


4475 1689738 97.4820143884892
4752 1689461 97.4820143884892


1684025 1717462 97.5
1684224 1717263 97.5


1717263 1684224 97.5
1717462 1684025 97.5


158881 8325 97.5609756097561
159085 8121 97.5609756097561


8121 159085 97.5609756097561
8325 158881 97.5609756097561


874914 4319 97.6190476190476
875039 4194 97.6190476190476


4194 875039 97.6190476190476
4319 874914 97.6190476190476


1106046 4475 97.752808988764
1106134 4387 97.752808988764


4387 1106134 97.752808988764
4475 1106046 97.752808988764


1084508 172453 97.8328173374613
1084830 172131 97.8328173374613


172131 1084830 97.8328173374613
172453 1084508 97.8328173374613


170855 4752 97.841726618705
171132 4475 97.841726618705


4475 171132 97.841726618705
4752 170855 97.841726618705


1690984 5735 97.8540772532189
1691216 5503 97.8540772532189


5503 1691216 97.8540772532189
5735 1690984 97.8540772532189


955270 5503 97.8632478632479
955502 5270 97.8632478632479


5270 955502 97.8632478632479
5503 955270 97.8632478632479


1582442 952552 97.8723404255319
1582629 952365 97.8723404255319


952365 1582629 97.8723404255319
952552 1582442 97.8723404255319


176099 1085844 97.887323943662
176382 1085561 97.887323943662


1085561 176382 97.887323943662
1085844 176099 97.887323943662


175237 1098989 97.9310344827586
175526 1098700 97.9310344827586


1098700 175526 97.9310344827586
1098989 175237 97.9310344827586


1679140 1068721 97.9899497487437
1679338 1068523 97.9899497487437


1068523 1679338 97.9899497487437
1068721 1679140 97.9899497487437


949886 954661 98.4962406015038
950018 954529 98.4962406015038


954529 950018 98.4962406015038
954661 949886 98.4962406015038


1086603 183725 98.5
1086802 183526 98.5


183526 1086802 98.5
183725 1086603 98.5


183122 982382 98.5365853658537
183326 982178 98.5365853658537


982178 183326 98.5365853658537
982382 183122 98.5365853658537


1087577 182499 98.5849056603774
1087788 182288 98.5849056603774


182288 1087788 98.5849056603774
182499 1087577 98.5849056603774


1104973 181859 98.6238532110092
1105189 181642 98.6238532110092


181642 1105189 98.6238532110092
181859 1104973 98.6238532110092


1691176 181642 98.6425339366516
1691396 181422 98.6425339366516


181422 1691396 98.6425339366516
181642 1691176 98.6425339366516


5964 5270 98.6784140969163
6190 5044 98.6784140969163


5044 6190 98.6784140969163
5270 5964 98.6784140969163


957423 166711 98.7012987012987
957499 166635 98.7012987012987


984026 935159 98.7012987012987
984102 935083 98.7012987012987


166635 957499 98.7012987012987
166711 957423 98.7012987012987


935083 984102 98.7012987012987
935159 984026 98.7012987012987


1691322 179793 98.7951807228916
1691570 179545 98.7951807228916


179545 1691570 98.7951807228916
179793 1691322 98.7951807228916


1540703 1564197 98.8235294117647
1540787 1564113 98.8235294117647


1564113 1540787 98.8235294117647
1564197 1540703 98.8235294117647


966554 984581 99.0430622009569
966762 984373 99.0430622009569


984373 966762 99.0430622009569
984581 966554 99.0430622009569


1684206 8726 99.4974874371859
1684404 8528 99.4974874371859


8528 1684404 99.4974874371859
8726 1684206 99.4974874371859


949162 8121 99.5215311004785
949370 7913 99.5215311004785


7913 949370 99.5215311004785
8121 949162 99.5215311004785


1690999 5964 99.5652173913043
1691228 5735 99.5652173913043


5735 1691228 99.5652173913043
5964 1690999 99.5652173913043


1594749 1600246 99.8908694070571
1600246 1594749 99.8908694070571


1600246 1603487 99.9074930619797
1603487 1600246 99.9074930619797


978307 981392 99.9351911860013
981392 978307 99.9351911860013


8045 5017 100
8121 4941 100


3536 5270 100
3612 5194 100


6847 172850 100
6923 172774 100


144097 181924 100
144162 181859 100


172774 6923 100
172850 6847 100


1690822 7489 100
1691036 7275 100


4941 8121 100
5017 8045 100


1082571 166353 100
1082647 166277 100


1083095 166353 100
1083171 166277 100


622 166787 100
698 166711 100


159185 167942 100
159251 167876 100


177927 168703 100
178003 168627 100


1669 168407 100
1743 168333 100


983644 169506 100
983720 169430 100


1697742 170138 100
1697818 170062 100


168627 178003 100
168703 177927 100


144021 875039 100
144097 874963 100


471760 759601 100
471837 759524 100


471761 759660 100
471896 759525 100


874963 144097 100
875039 144021 100


181859 144162 100
181924 144097 100


1609960 1600246 100
1610036 1600170 100


1608998 1600322 100
1609074 1600246 100


1606661 1608998 100
1608998 1606661 100


1608998 1606737 100
1609074 1606661 100


1600246 1609074 100
1600322 1608998 100


1606661 1609074 100
1606737 1608998 100


175450 622 100
175526 546 100


1715932 77 100
1716008 1 100


166711 698 100
166787 622 100


168333 1743 100
168407 1669 100


1068655 3290 100
1068721 3224 100


5194 3612 100
5270 3536 100


8726 184123 100
8925 183924 100


471820 471760 100
759524 184056 100


8858 139759 100
139759 8858 100


759457 139759 100
759524 139692 100


183924 8925 100
184123 8726 100


3224 1068721 100
3290 1068655 100


166277 1082647 100
166353 1082571 100


166277 1083171 100
166353 1083095 100


158647 164143 100
158723 164067 100


981729 938393 100
981805 938317 100


182709 1104605 100
182785 1104529 100


1540628 1540703 100
1540703 1540628 100


160895 158647 100
160971 158571 100


167876 159251 100
167942 159185 100


164067 158723 100
164143 158647 100


158571 160971 100
158647 160895 100


938317 981805 100
938393 981729 100


169430 983720 100
169506 983644 100


1625372 983720 100
1625448 983644 100


176315 984373 100
176382 984306 100


1038727 1038802 100
1038802 1038727 100


1656474 1656549 100
1656549 1656474 100


1104529 182785 100
1104605 182709 100


1600170 1610036 100
1600246 1609960 100


983644 1625448 100
983720 1625372 100


960384 960449 100
960449 960384 100


546 175526 100
622 175450 100


984306 176382 100
984373 176315 100


139692 759524 100
139759 759457 100


184056 759524 100
471760 471820 100


759524 471837 100
759601 471760 100


759525 471896 100
759660 471761 100


7275 1691036 100
7489 1690822 100


170062 1697818 100
170138 1697742 100


1 1716008 100
77 1715932 100


