#-- reverse hits sorted by %sim
0 0 0
0 0 0


158229 275596 78.9173789173789
158926 274899 78.9173789173789


178782 247662 78.9173789173789
179479 246965 78.9173789173789


274899 158926 78.9173789173789
275596 158229 78.9173789173789


246965 179479 78.9473684210526
247662 178782 78.9473684210526


1847653 342197 79.967689822294
1848268 341581 79.967689822294


1857039 342197 79.967689822294
1857654 341581 79.967689822294


341581 1857654 79.967689822294
342197 1857039 79.967689822294


341581 1848268 79.967689822294
342197 1847653 79.967689822294


673809 1848268 79.967689822294
674425 1847653 79.967689822294


673809 1857654 79.967689822294
674425 1857039 79.967689822294


1847653 674425 79.967689822294
1848268 673809 79.967689822294


1857039 674425 79.967689822294
1857654 673809 79.967689822294


542344 671870 80.3964757709251
542793 671421 80.3964757709251


542344 702670 80.3964757709251
542793 702221 80.3964757709251


572995 671870 80.3964757709251
573444 671421 80.3964757709251


572995 702670 80.3964757709251
573444 702221 80.3964757709251


671421 542793 80.3964757709251
671870 542344 80.3964757709251


671421 573444 80.3964757709251
671870 572995 80.3964757709251


702221 573444 80.3964757709251
702670 572995 80.3964757709251


702221 542793 80.3964757709251
702670 542344 80.3964757709251


906888 1855233 80.8377896613191
907984 1854116 80.8377896613191


906888 1845847 80.8377896613191
907984 1844730 80.8377896613191


1844730 907984 80.8377896613191
1845847 906888 80.8377896613191


1854116 907984 80.8377896613191
1855233 906888 80.8377896613191


876669 1845847 81.283422459893
877768 1844730 81.283422459893


876669 1855233 81.283422459893
877768 1854116 81.283422459893


1844730 877768 81.283422459893
1845847 876669 81.283422459893


1854116 877768 81.283422459893
1855233 876669 81.283422459893


1862613 1855233 81.283422459893
1863712 1854116 81.283422459893


1862613 1845847 81.283422459893
1863712 1844730 81.283422459893


1844730 1863712 81.283422459893
1845847 1862613 81.283422459893


1854116 1863712 81.283422459893
1855233 1862613 81.283422459893


144151 260002 81.4298978644382
145223 258933 81.4298978644382


192485 263625 81.4298978644382
193557 262556 81.4298978644382


258933 145223 81.4298978644382
260002 144151 81.4298978644382


262556 193557 81.4298978644382
263625 192485 81.4298978644382


541864 703204 81.9078947368421
542155 702901 81.9078947368421


572515 703204 81.9078947368421
572806 702901 81.9078947368421


702901 542155 81.9078947368421
703204 541864 81.9078947368421


702901 572806 81.9078947368421
703204 572515 81.9078947368421


1892836 1855233 81.9265143992056
1893821 1854230 81.9265143992056


1892836 1845847 81.9265143992056
1893821 1844844 81.9265143992056


1844844 1893821 81.9265143992056
1845847 1892836 81.9265143992056


1854230 1893821 81.9265143992056
1855233 1892836 81.9265143992056


5699 20582 82.1969696969697
6466 19865 82.1969696969697


10215 25098 82.1969696969697
10932 24331 82.1969696969697


24331 10932 82.1969696969697
25098 10215 82.1969696969697


453235 644834 82.3383084577114
453635 644434 82.3383084577114


483534 644834 82.3383084577114
483934 644434 82.3383084577114


644434 453635 82.3383084577114
644834 453235 82.3383084577114


644434 483934 82.3383084577114
644834 483534 82.3383084577114


453235 236391 82.3389021479714
453652 235974 82.3389021479714


235974 453652 82.3389021479714
236391 453235 82.3389021479714


19865 6466 82.4396782841823
20536 5739 82.4396782841823


453235 681081 82.5436408977556
453634 680682 82.5436408977556


483534 681081 82.5436408977556
483933 680682 82.5436408977556


680682 483933 82.5436408977556
681081 483534 82.5436408977556


680682 453634 82.5436408977556
681081 453235 82.5436408977556


453235 205506 82.5870646766169
453635 205106 82.5870646766169


483534 205506 82.5870646766169
483934 205106 82.5870646766169


483534 236391 82.5870646766169
483934 235991 82.5870646766169


205106 453635 82.5870646766169
205506 453235 82.5870646766169


205106 483934 82.5870646766169
205506 483534 82.5870646766169


235991 483934 82.5870646766169
236391 483534 82.5870646766169


562921 645920 83.2446808510638
563280 645545 83.2446808510638


645545 563280 83.2446808510638
645920 562921 83.2446808510638


453220 491814 83.3746898263027
453619 491415 83.3746898263027


453220 461515 83.3746898263027
453619 461116 83.3746898263027


461116 483918 83.3746898263027
461515 483519 83.3746898263027


461116 453619 83.3746898263027
461515 453220 83.3746898263027


483519 491814 83.3746898263027
483918 491415 83.3746898263027


483519 461515 83.3746898263027
483918 461116 83.3746898263027


491415 483918 83.3746898263027
491814 483519 83.3746898263027


491415 453619 83.3746898263027
491814 453220 83.3746898263027


541777 672491 84.1432225063939
542155 672101 84.1432225063939


572428 672491 84.1432225063939
572806 672101 84.1432225063939


672101 572806 84.1432225063939
672491 572428 84.1432225063939


672101 542155 84.1432225063939
672491 541777 84.1432225063939


542672 226760 84.1688654353562
543041 226383 84.1688654353562


573323 226760 84.1688654353562
573692 226383 84.1688654353562


542672 635365 84.1688654353562
543041 634988 84.1688654353562


573323 635365 84.1688654353562
573692 634988 84.1688654353562


226383 543041 84.2105263157895
226760 542672 84.2105263157895


226383 573692 84.2105263157895
226760 573323 84.2105263157895


634988 573692 84.2105263157895
635365 573323 84.2105263157895


634988 543041 84.2105263157895
635365 542672 84.2105263157895


874380 232285 84.2639593908629
874576 232089 84.2639593908629


874380 201400 84.2639593908629
874576 201204 84.2639593908629


904606 232285 84.2639593908629
904802 232089 84.2639593908629


904606 201400 84.2639593908629
904802 201204 84.2639593908629


1890547 201400 84.2639593908629
1890743 201204 84.2639593908629


1890547 232285 84.2639593908629
1890743 232089 84.2639593908629


201204 904802 84.2639593908629
201400 904606 84.2639593908629


201204 874576 84.2639593908629
201400 874380 84.2639593908629


232089 874576 84.2639593908629
232285 874380 84.2639593908629


232089 904802 84.2639593908629
232285 904606 84.2639593908629


201204 1890743 84.2639593908629
201400 1890547 84.2639593908629


232089 1890743 84.2639593908629
232285 1890547 84.2639593908629


454385 1848276 84.5864661654135
454649 1848012 84.5864661654135


454385 1857662 84.5864661654135
454649 1857398 84.5864661654135


484684 1857662 84.5864661654135
484948 1857398 84.5864661654135


484684 1848276 84.5864661654135
484948 1848012 84.5864661654135


1848012 484948 84.5864661654135
1848276 484684 84.5864661654135


1848012 454649 84.5864661654135
1848276 454385 84.5864661654135


1857398 484948 84.5864661654135
1857662 484684 84.5864661654135


1857398 454649 84.5864661654135
1857662 454385 84.5864661654135


904238 238242 84.602510460251
905398 237136 84.602510460251


904238 207357 84.602510460251
905398 206251 84.602510460251


501753 758131 84.6715328467153
502293 757595 84.6715328467153


532417 759668 84.6715328467153
532957 759132 84.6715328467153


757595 502293 84.6715328467153
758131 501753 84.6715328467153


759132 532957 84.6715328467153
759668 532417 84.6715328467153


16951 11557 84.7503373819163
19874 8868 84.7503373819163


19240 13846 84.7503373819163
21929 10923 84.7503373819163


874363 232356 84.7619047619048
874572 232147 84.7619047619048


874363 201471 84.7619047619048
874572 201262 84.7619047619048


904589 201471 84.7619047619048
904798 201262 84.7619047619048


904589 232356 84.7619047619048
904798 232147 84.7619047619048


1890530 232356 84.7619047619048
1890739 232147 84.7619047619048


1890530 201471 84.7619047619048
1890739 201262 84.7619047619048


201262 904798 84.7619047619048
201471 904589 84.7619047619048


201262 874572 84.7619047619048
201471 874363 84.7619047619048


232147 904798 84.7619047619048
232356 904589 84.7619047619048


232147 874572 84.7619047619048
232356 874363 84.7619047619048


201262 1890739 84.7619047619048
201471 1890530 84.7619047619048


232147 1890739 84.7619047619048
232356 1890530 84.7619047619048


156789 277036 84.7826086956522
157679 276120 84.7826086956522


180029 246441 84.7826086956522
180919 245525 84.7826086956522


245525 180919 84.7826086956522
246441 180029 84.7826086956522


276120 157679 84.7826086956522
277036 156789 84.7826086956522


734608 193557 84.9654377880184
736334 191837 84.9654377880184


191837 736334 84.9654377880184
193557 734608 84.9654377880184


8868 19874 85.0050658561297
11557 16951 85.0050658561297


10923 21929 85.0050658561297
13846 19240 85.0050658561297


732042 145871 85.014409221902
733767 144151 85.014409221902


144151 733767 85.014409221902
145871 732042 85.014409221902


757847 141875 85.0694444444444
758131 141593 85.0694444444444


759132 196115 85.0694444444444
759416 195833 85.0694444444444


141593 758131 85.0694444444444
141875 757847 85.0694444444444


195833 759416 85.0694444444444
196115 759132 85.0694444444444


5699 22244 85.1288056206089
8194 19867 85.1288056206089


8553 25098 85.1288056206089
10930 22603 85.1288056206089


9440 19881 85.1581508515815
10930 18253 85.1581508515815


10916 21357 85.1581508515815
12544 19867 85.1581508515815


18253 10930 85.1581508515815
19881 9440 85.1581508515815


19867 12544 85.1581508515815
21357 10916 85.1581508515815


874012 238242 85.2719665271967
875172 237136 85.2719665271967


874012 207357 85.2719665271967
875172 206251 85.2719665271967


1890179 207357 85.2719665271967
1891339 206251 85.2719665271967


1890179 238242 85.2719665271967
1891339 237136 85.2719665271967


206251 905398 85.3433835845896
207357 904238 85.3433835845896


237136 905398 85.3433835845896
238242 904238 85.3433835845896


318661 906575 85.546875
320189 905058 85.546875


348499 906575 85.546875
350027 905058 85.546875


732601 315225 85.5491329479769
732773 315053 85.5491329479769


735603 281348 85.5491329479769
735775 281176 85.5491329479769


281176 735775 85.5491329479769
281348 735603 85.5491329479769


315053 732773 85.5491329479769
315225 732601 85.5491329479769


905058 350027 85.5562784645413
906575 348499 85.5562784645413


905058 320189 85.5562784645413
906575 318661 85.5562784645413


19867 8194 85.7442348008386
22067 5846 85.7442348008386


22603 10930 85.7442348008386
24951 8730 85.7442348008386


420628 433108 85.781990521327
421030 432687 85.781990521327


421649 434129 85.781990521327
422070 433727 85.781990521327


432687 421030 85.781990521327
433108 420628 85.781990521327


433727 422070 85.781990521327
434129 421649 85.781990521327


167275 77262 85.8880778588808
167685 76857 85.8880778588808


170022 84551 85.8880778588808
170432 84146 85.8880778588808


76857 167685 85.8880778588808
77262 167275 85.8880778588808


84146 170432 85.8880778588808
84551 170022 85.8880778588808


733017 263304 85.9229747675963
733768 262555 85.9229747675963


262555 733768 85.9229747675963
263304 733017 85.9229747675963


734607 260003 85.9416445623342
735359 259254 85.9416445623342


259254 735359 85.9416445623342
260003 734607 85.9416445623342


537129 677329 85.952380952381
537547 676913 85.952380952381


567780 677329 85.952380952381
568198 676913 85.952380952381


676913 568198 85.952380952381
677329 567780 85.952380952381


676913 537547 85.952380952381
677329 537129 85.952380952381


867351 658263 85.9857482185273
868604 657013 85.9857482185273


1883518 658263 85.9857482185273
1884771 657013 85.9857482185273


657013 868604 85.9857482185273
658263 867351 85.9857482185273


657013 1884771 85.9857482185273
658263 1883518 85.9857482185273


206251 875172 86.0134003350084
207357 874012 86.0134003350084


237136 875172 86.0134003350084
238242 874012 86.0134003350084


206251 1891339 86.0134003350084
207357 1890179 86.0134003350084


237136 1891339 86.0134003350084
238242 1890179 86.0134003350084


318661 876353 86.0586319218241
320189 874832 86.0586319218241


348499 876353 86.0586319218241
350027 874832 86.0586319218241


318661 1892520 86.0586319218241
320189 1890999 86.0586319218241


348499 1892520 86.0586319218241
350027 1890999 86.0586319218241


874832 320189 86.0677083333333
876353 318661 86.0677083333333


874832 350027 86.0677083333333
876353 348499 86.0677083333333


1890999 350027 86.0677083333333
1892520 348499 86.0677083333333


1890999 320189 86.0677083333333
1892520 318661 86.0677083333333


737614 280022 86.0730593607306
738485 279155 86.0730593607306


279155 738485 86.0730593607306
280022 737614 86.0730593607306


462243 905402 86.0869565217391
462916 904714 86.0869565217391


492542 905402 86.0869565217391
493215 904714 86.0869565217391


897574 658263 86.1441013460016
898827 657013 86.1441013460016


657013 898827 86.1441013460016
658263 897574 86.1441013460016


5699 22808 86.2090880203368
8773 19870 86.2090880203368


7989 25098 86.2090880203368
10927 22024 86.2090880203368


19870 8773 86.2090880203368
22808 5699 86.2090880203368


22024 10927 86.2090880203368
25098 7989 86.2090880203368


5699 21140 86.2371888726208
7046 19870 86.2371888726208


9657 25098 86.2371888726208
10927 23751 86.2371888726208


19870 7046 86.2371888726208
21140 5699 86.2371888726208


23751 10927 86.2371888726208
25098 9657 86.2371888726208


258333 281166 86.3057324840764
258645 280854 86.3057324840764


263915 315547 86.3057324840764
264227 315235 86.3057324840764


280854 258645 86.3057324840764
281166 258333 86.3057324840764


315235 264227 86.3057324840764
315547 263915 86.3057324840764


165591 86294 86.3509749303621
166305 85583 86.3509749303621


171403 75825 86.3509749303621
172117 75114 86.3509749303621


75114 172117 86.3509749303621
75825 171403 86.3509749303621


85583 166305 86.3509749303621
86294 165591 86.3509749303621


5699 21647 86.4379736737136
10570 16951 86.4379736737136


9150 25098 86.4379736737136
13846 20227 86.4379736737136


16951 10570 86.4379736737136
21647 5699 86.4379736737136


20227 13846 86.4379736737136
25098 9150 86.4379736737136


462243 875176 86.5217391304348
462916 874488 86.5217391304348


492542 875176 86.5217391304348
493215 874488 86.5217391304348


462243 1891343 86.5217391304348
462916 1890655 86.5217391304348


492542 1891343 86.5217391304348
493215 1890655 86.5217391304348


5699 24535 86.7101508357114
10425 19865 86.7101508357114


6262 25098 86.7101508357114
10932 20372 86.7101508357114


19865 10425 86.7101508357114
24535 5699 86.7101508357114


20372 10932 86.7101508357114
25098 6262 86.7101508357114


556057 658237 86.7421180274858
557283 657013 86.7421180274858


657013 557283 86.7421180274858
658237 556057 86.7421180274858


564365 568874 86.7724867724868
564550 568693 86.7724867724868


564365 538223 86.7724867724868
564550 538042 86.7724867724868


904806 462824 86.9565217391304
905402 462243 86.9565217391304


904806 493123 86.9565217391304
905402 492542 86.9565217391304


562921 350027 86.968085106383
563280 349652 86.968085106383


562921 320189 86.968085106383
563280 319814 86.968085106383


319814 563280 86.968085106383
320189 562921 86.968085106383


349652 563280 86.968085106383
350027 562921 86.968085106383


730192 316948 87.1080139372822
730762 316378 87.1080139372822


316378 730762 87.1080139372822
316948 730192 87.1080139372822


17101 10930 87.1161313095658
19881 8273 87.1161313095658


19867 13696 87.1161313095658
22524 10916 87.1161313095658


146334 257823 87.1720116618076
146676 257481 87.1720116618076


191032 265079 87.1720116618076
191374 264737 87.1720116618076


257481 146676 87.1720116618076
257823 146334 87.1720116618076


264737 191374 87.1720116618076
265079 191032 87.1720116618076


904238 682949 87.2033898305085
905398 681819 87.2033898305085


145323 315739 87.2047244094488
145828 315232 87.2047244094488


191880 281169 87.2047244094488
192385 280662 87.2047244094488


280662 192385 87.2047244094488
281169 191880 87.2047244094488


315232 145828 87.2047244094488
315739 145323 87.2047244094488


1844736 565912 87.2651356993737
1845213 565434 87.2651356993737


1844736 535261 87.2651356993737
1845213 534783 87.2651356993737


1854122 565912 87.2651356993737
1854599 565434 87.2651356993737


1854122 535261 87.2651356993737
1854599 534783 87.2651356993737


534783 1854599 87.2651356993737
535261 1854122 87.2651356993737


534783 1845213 87.2651356993737
535261 1844736 87.2651356993737


565434 1854599 87.2651356993737
565912 1854122 87.2651356993737


565434 1845213 87.2651356993737
565912 1844736 87.2651356993737


681819 905398 87.2881355932203
682949 904238 87.2881355932203


145510 258649 87.3320537428023
146029 258130 87.3320537428023


191679 264430 87.3320537428023
192198 263911 87.3320537428023


258130 146029 87.3320537428023
258649 145510 87.3320537428023


263911 192198 87.3320537428023
264430 191679 87.3320537428023


9946 19870 87.4528301886792
10927 18823 87.4528301886792


10927 20851 87.4528301886792
11974 19870 87.4528301886792


874580 493123 87.4581939799331
875176 492542 87.4581939799331


874580 462824 87.4581939799331
875176 462243 87.4581939799331


1890747 493123 87.4581939799331
1891343 492542 87.4581939799331


1890747 462824 87.4581939799331
1891343 462243 87.4581939799331


563403 645425 87.6097057305111
565315 643508 87.6097057305111


643508 565315 87.6097057305111
645425 563403 87.6097057305111


189142 243992 87.6254180602007
189729 243398 87.6254180602007


243398 189729 87.6254180602007
243992 189142 87.6254180602007


732087 281167 87.6470588235294
732593 280659 87.6470588235294


735783 315742 87.6470588235294
736289 315234 87.6470588235294


280659 732593 87.6470588235294
281167 732087 87.6470588235294


315234 736289 87.6470588235294
315742 735783 87.6470588235294


460186 907380 87.7883310719132
461646 905925 87.7883310719132


490485 907380 87.7883310719132
491945 905925 87.7883310719132


905925 461646 87.7966101694915
907380 460186 87.7966101694915


905925 491945 87.7966101694915
907380 490485 87.7966101694915


460186 877163 87.8048780487805
461646 875703 87.8048780487805


490485 877163 87.8048780487805
491945 875703 87.8048780487805


460186 1893330 87.8048780487805
461646 1891870 87.8048780487805


490485 1893330 87.8048780487805
491945 1891870 87.8048780487805


875703 461646 87.8048780487805
877163 460186 87.8048780487805


875703 491945 87.8048780487805
877163 490485 87.8048780487805


1891870 491945 87.8048780487805
1893330 490485 87.8048780487805


1891870 461646 87.8048780487805
1893330 460186 87.8048780487805


5699 23381 87.8592532903572
9358 19867 87.8592532903572


7416 25098 87.8592532903572
10930 21439 87.8592532903572


874012 682949 87.8813559322034
875172 681819 87.8813559322034


1890179 682949 87.8813559322034
1891339 681819 87.8813559322034


19867 9358 87.9286694101509
23303 5771 87.9286694101509


21439 10930 87.9286694101509
25026 7494 87.9286694101509


681819 875172 87.9661016949153
682949 874012 87.9661016949153


681819 1891339 87.9661016949153
682949 1890179 87.9661016949153


726198 300620 87.9684418145957
727209 299628 87.9684418145957


741167 296773 87.9684418145957
742178 295781 87.9684418145957


775079 300620 87.9684418145957
776090 299628 87.9684418145957


295781 742178 87.9684418145957
296773 741167 87.9684418145957


299628 776090 87.9684418145957
300620 775079 87.9684418145957


299628 727209 87.9684418145957
300620 726198 87.9684418145957


16949 12699 88.0379532361911
19870 9946 88.0379532361911


18098 13848 88.0379532361911
20851 10927 88.0379532361911


880594 906623 88.1081081081081
880777 906445 88.1081081081081


1866538 906623 88.1081081081081
1866721 906445 88.1081081081081


906445 880777 88.1720430107527
906623 880594 88.1720430107527


906445 1866721 88.1720430107527
906623 1866538 88.1720430107527


874832 645920 88.2978723404255
875206 645545 88.2978723404255


905058 645920 88.2978723404255
905432 645545 88.2978723404255


1890999 645920 88.2978723404255
1891373 645545 88.2978723404255


645545 905432 88.2978723404255
645920 905058 88.2978723404255


645545 875206 88.2978723404255
645920 874832 88.2978723404255


645545 1891373 88.2978723404255
645920 1890999 88.2978723404255


850387 906623 88.5869565217391
850569 906445 88.5869565217391


880594 876401 88.5869565217391
880777 876224 88.5869565217391


1866538 876401 88.5869565217391
1866721 876224 88.5869565217391


1866538 1892568 88.5869565217391
1866721 1892391 88.5869565217391


880594 1892568 88.5869565217391
880777 1892391 88.5869565217391


876224 880777 88.6486486486487
876401 880594 88.6486486486487


906445 850569 88.6486486486487
906623 850387 88.6486486486487


1892391 880777 88.6486486486487
1892568 880594 88.6486486486487


1892391 1866721 88.6486486486487
1892568 1866538 88.6486486486487


876224 1866721 88.6486486486487
876401 1866538 88.6486486486487


8273 19881 88.6914378029079
10638 17450 88.6914378029079


10916 22524 88.6914378029079
13347 20159 88.6914378029079


145622 189145 88.8475836431227
146159 188608 88.8475836431227


148563 192086 88.8475836431227
149100 191549 88.8475836431227


188608 146159 88.8475836431227
189145 145622 88.8475836431227


191549 149100 88.8475836431227
192086 148563 88.8475836431227


456809 644434 88.8888888888889
456940 644303 88.8888888888889


487108 644434 88.8888888888889
487239 644303 88.8888888888889


644303 487239 88.8888888888889
644434 487108 88.8888888888889


644303 456940 88.8888888888889
644434 456809 88.8888888888889


459698 1893821 88.9182058047493
460076 1893443 88.9182058047493


489997 1893821 88.9182058047493
490375 1893443 88.9182058047493


1893443 490375 88.9182058047493
1893821 489997 88.9182058047493


1893443 460076 88.9182058047493
1893821 459698 88.9182058047493


850387 876401 89.0710382513661
850569 876224 89.0710382513661


850387 1892568 89.0710382513661
850569 1892391 89.0710382513661


644303 231416 89.1304347826087
644434 231280 89.1304347826087


644303 200531 89.1304347826087
644434 200395 89.1304347826087


200395 644434 89.1304347826087
200531 644303 89.1304347826087


231280 644434 89.1304347826087
231416 644303 89.1304347826087


876224 850569 89.1304347826087
876401 850387 89.1304347826087


1892391 850569 89.1304347826087
1892568 850387 89.1304347826087


16949 10008 89.1558224891558
19881 7128 89.1558224891558


20789 13848 89.1558224891558
23669 10916 89.1558224891558


806627 51927 89.1566265060241
806788 51763 89.1566265060241


821362 36874 89.1566265060241
821523 36710 89.1566265060241


36710 821523 89.1566265060241
36874 821362 89.1566265060241


51763 806788 89.1566265060241
51927 806627 89.1566265060241


7128 19881 89.3787575150301
10008 16949 89.3787575150301


10916 23669 89.3787575150301
13848 20789 89.3787575150301


77336 55355 89.4067796610169
77570 55120 89.4067796610169


83838 33517 89.4067796610169
84072 33282 89.4067796610169


33282 84072 89.4067796610169
33517 83838 89.4067796610169


55120 77570 89.4067796610169
55355 77336 89.4067796610169


5729 23926 89.5798718253026
9856 19870 89.5798718253026


6871 25068 89.5798718253026
10927 20941 89.5798718253026


729954 147928 89.6168108776267
730762 147120 89.6168108776267


737614 190588 89.6168108776267
738422 189780 89.6168108776267


147120 730762 89.6168108776267
147928 729954 89.6168108776267


189780 738422 89.6168108776267
190588 737614 89.6168108776267


456809 205106 89.7058823529412
456940 204973 89.7058823529412


456809 235991 89.7058823529412
456940 235858 89.7058823529412


487108 205106 89.7058823529412
487239 204973 89.7058823529412


487108 235991 89.7058823529412
487239 235858 89.7058823529412


204973 456940 89.7058823529412
205106 456809 89.7058823529412


204973 487239 89.7058823529412
205106 487108 89.7058823529412


235858 487239 89.7058823529412
235991 487108 89.7058823529412


235858 456940 89.7058823529412
235991 456809 89.7058823529412


1893443 234951 89.7097625329815
1893821 234573 89.7097625329815


1893443 204066 89.7097625329815
1893821 203688 89.7097625329815


203688 1893821 89.7097625329815
204066 1893443 89.7097625329815


234573 1893821 89.7097625329815
234951 1893443 89.7097625329815


19870 9856 89.7329086008331
23794 5846 89.7329086008331


20941 10927 89.7329086008331
24951 7003 89.7329086008331


904282 238198 89.7940913160251
905398 237136 89.7940913160251


5699 15077 89.8580121703854
6173 14593 89.8580121703854


15720 25098 89.8580121703854
16204 24624 89.8580121703854


146587 280553 89.9197592778335
148566 278569 89.9197592778335


278569 148566 89.9197592778335
280553 146587 89.9197592778335


1893443 679639 89.9736147757256
1893821 679261 89.9736147757256


679261 1893821 89.9736147757256
679639 1893443 89.9736147757256


562544 462916 90.0376411543287
566511 458991 90.0376411543287


562544 493215 90.0376411543287
566511 489290 90.0376411543287


7309 15181 90.0662251655629
7900 14593 90.0662251655629


14593 7900 90.0662251655629
15181 7309 90.0662251655629


15616 23488 90.0662251655629
16204 22897 90.0662251655629


22897 16204 90.0662251655629
23488 15616 90.0662251655629


904238 207357 90.0947459086994
905398 206251 90.0947459086994


6159 15174 90.1666666666667
6746 14593 90.1666666666667


14593 6746 90.1666666666667
15174 6159 90.1666666666667


15623 24638 90.1666666666667
16204 24051 90.1666666666667


24051 16204 90.1666666666667
24638 15623 90.1666666666667


850344 344195 90.1901599758527
853628 340917 90.1901599758527


340917 853628 90.1901599758527
344195 850344 90.1901599758527


145140 281348 90.2298850574713
145312 281176 90.2298850574713


192396 315225 90.2298850574713
192568 315053 90.2298850574713


281176 145312 90.2298850574713
281348 145140 90.2298850574713


315053 192568 90.2298850574713
315225 192396 90.2298850574713


16951 6617 90.2665121668598
17796 5776 90.2665121668598


5731 17841 90.3083700440529
6617 16951 90.3083700440529


12956 25066 90.3083700440529
13846 24180 90.3083700440529


850344 676425 90.3264812575574
853623 673142 90.3264812575574


673142 853623 90.3264812575574
676425 850344 90.3264812575574


676225 644434 90.3703703703704
676358 644303 90.3703703703704


644303 676358 90.3703703703704
644434 676225 90.3703703703704


556057 689037 90.3880463871543
560512 684591 90.3880463871543


684591 560512 90.3880463871543
689037 556057 90.3880463871543


318625 344138 90.4109589041096
318770 343993 90.4109589041096


343993 348608 90.4109589041096
344138 348463 90.4109589041096


343993 318770 90.4109589041096
344138 318625 90.4109589041096


348463 344138 90.4109589041096
348608 343993 90.4109589041096


880292 676632 90.436005625879
883838 673142 90.436005625879


1866236 676632 90.436005625879
1869782 673142 90.436005625879


10617 19706 90.4458598726115
10927 19393 90.4458598726115


11091 20180 90.4458598726115
11404 19870 90.4458598726115


19393 10927 90.4458598726115
19706 10617 90.4458598726115


19870 11404 90.4458598726115
20180 11091 90.4458598726115


673142 883838 90.4869124683366
676632 880292 90.4869124683366


673142 1869782 90.4869124683366
676632 1866236 90.4869124683366


564604 318546 90.5367231638418
565306 317846 90.5367231638418


564604 348384 90.5367231638418
565306 347684 90.5367231638418


317846 565306 90.5367231638418
318546 564604 90.5367231638418


347684 565306 90.5367231638418
348384 564604 90.5367231638418


906675 680455 90.5367231638418
907380 679749 90.5367231638418


679749 907380 90.5367231638418
680455 906675 90.5367231638418


5699 18461 90.5844155844156
7201 16949 90.5844155844156


12336 25098 90.5844155844156
13848 23596 90.5844155844156


756088 82079 90.6015037593985
757140 81028 90.6015037593985


760123 80379 90.6015037593985
761175 79328 90.6015037593985


79328 761175 90.6015037593985
80379 760123 90.6015037593985


81028 757140 90.6015037593985
82079 756088 90.6015037593985


850344 640083 90.6748466257669
853575 636851 90.6748466257669


636851 853575 90.6748466257669
640083 850344 90.6748466257669


12798 15188 90.7617504051864
13408 14593 90.7617504051864


14593 13408 90.7617504051864
15188 12798 90.7617504051864


15609 17999 90.7617504051864
16204 17389 90.7617504051864


17389 16204 90.7617504051864
17999 15609 90.7617504051864


876456 680455 90.819209039548
877163 679749 90.819209039548


1892623 680455 90.819209039548
1893330 679749 90.819209039548


679749 877163 90.819209039548
680455 876456 90.819209039548


679749 1893330 90.819209039548
680455 1892623 90.819209039548


850343 231484 90.9007352941177
853575 228246 90.9007352941177


228246 853575 90.9007352941177
231484 850343 90.9007352941177


458991 566511 90.905941451585
464649 560792 90.905941451585


489290 566511 90.905941451585
494948 560792 90.905941451585


732042 264273 90.9090909090909
732403 263911 90.9090909090909


735973 258649 90.9090909090909
736334 258287 90.9090909090909


5699 19034 90.9090909090909
7771 16951 90.9090909090909


11763 25098 90.9090909090909
13846 23026 90.9090909090909


258287 736334 90.9090909090909
258649 735973 90.9090909090909


263911 732403 90.9090909090909
264273 732042 90.9090909090909


563403 236982 90.9467644246095
566516 233861 90.9467644246095


563403 206097 90.9467644246095
566516 202976 90.9467644246095


202976 566516 90.9467644246095
206097 563403 90.9467644246095


233861 566516 90.9467644246095
236982 563403 90.9467644246095


8446 15181 90.9531502423263
9061 14593 90.9531502423263


14593 9061 90.9531502423263
15181 8446 90.9531502423263


15616 22351 90.9531502423263
16204 21736 90.9531502423263


21736 16204 90.9531502423263
22351 15616 90.9531502423263


16949 7201 91.0977242302544
18415 5739 91.0977242302544


23596 13848 91.0977242302544
25058 12382 91.0977242302544


119362 298406 91.1057692307692
119775 297995 91.1057692307692


297995 119775 91.1057692307692
298406 119362 91.1057692307692


456805 680682 91.1504424778761
456915 680570 91.1504424778761


487104 680682 91.1504424778761
487214 680570 91.1504424778761


680570 487214 91.1504424778761
680682 487104 91.1504424778761


680570 456915 91.1504424778761
680682 456805 91.1504424778761


676225 235991 91.1764705882353
676358 235858 91.1764705882353


676225 205106 91.1764705882353
676358 204973 91.1764705882353


204973 676358 91.1764705882353
205106 676225 91.1764705882353


235858 676358 91.1764705882353
235991 676225 91.1764705882353


563355 681723 91.1939830774052
566518 678547 91.1939830774052


678547 566518 91.1939830774052
681723 563355 91.1939830774052


680570 639994 91.2280701754386
680682 639881 91.2280701754386


639881 680682 91.2280701754386
639994 680570 91.2280701754386


721818 766428 91.2669126691267
722628 765617 91.2669126691267


765617 722628 91.2669126691267
766428 721818 91.2669126691267


7884 15176 91.2751677852349
8467 14593 91.2751677852349


14593 8467 91.2751677852349
15176 7884 91.2751677852349


15621 22913 91.2751677852349
16204 22330 91.2751677852349


22330 16204 91.2751677852349
22913 15621 91.2751677852349


745749 751640 91.2776412776413
746560 750829 91.2776412776413


750829 746560 91.2776412776413
751640 745749 91.2776412776413


765617 771508 91.2776412776413
766428 770697 91.2776412776413


770697 766428 91.2776412776413
771508 765617 91.2776412776413


1846080 1862134 91.304347826087
1846260 1861951 91.304347826087


1846080 1852748 91.304347826087
1846260 1852565 91.304347826087


1852565 1855646 91.304347826087
1852748 1855466 91.304347826087


1852565 1846260 91.304347826087
1852748 1846080 91.304347826087


1855466 1862134 91.304347826087
1855646 1861951 91.304347826087


1855466 1852748 91.304347826087
1855646 1852565 91.304347826087


1861951 1855646 91.304347826087
1862134 1855466 91.304347826087


1861951 1846260 91.304347826087
1862134 1846080 91.304347826087


453698 541284 91.3428943937418
457525 537481 91.3428943937418


453698 571935 91.3428943937418
457525 568132 91.3428943937418


483997 571935 91.3428943937418
487824 568132 91.3428943937418


483997 541284 91.3428943937418
487824 537481 91.3428943937418


537481 457525 91.3428943937418
541284 453698 91.3428943937418


537481 487824 91.3428943937418
541284 483997 91.3428943937418


568132 487824 91.3428943937418
571935 483997 91.3428943937418


568132 457525 91.3428943937418
571935 453698 91.3428943937418


5699 19601 91.3493530499076
8344 16951 91.3493530499076


11196 25098 91.3493530499076
13846 22453 91.3493530499076


880472 344259 91.3532721350311
883843 340917 91.3532721350311


1866416 344259 91.3532721350311
1869787 340917 91.3532721350311


340917 883843 91.3532721350311
344259 880472 91.3532721350311


340917 1869787 91.3532721350311
344259 1866416 91.3532721350311


36519 50730 91.3934426229508
36759 50489 91.3934426229508


37907 52118 91.3934426229508
38148 51878 91.3934426229508


50489 36759 91.3934426229508
50730 36519 91.3934426229508


51878 38148 91.3934426229508
52118 37907 91.3934426229508


536971 345344 91.4046595792807
541255 340944 91.4046595792807


567622 345344 91.4046595792807
571906 340944 91.4046595792807


340944 571906 91.4046595792807
345344 567622 91.4046595792807


340944 541255 91.4046595792807
345344 536971 91.4046595792807


315848 191121 91.4182475158085
316948 190018 91.4182475158085


190018 316948 91.4259927797834
191121 315848 91.4259927797834


905925 236537 91.5208613728129
907380 235061 91.5208613728129


905925 205652 91.5208613728129
907380 204176 91.5208613728129


204176 907380 91.5208613728129
205652 905925 91.5208613728129


235061 907380 91.5208613728129
236537 905925 91.5208613728129


910300 201234 91.5584415584416
910453 201081 91.5584415584416


910300 232119 91.5584415584416
910453 231966 91.5584415584416


201081 910453 91.5584415584416
201234 910300 91.5584415584416


231966 910453 91.5584415584416
232119 910300 91.5584415584416


682529 562629 91.5630070308275
684320 560787 91.5630070308275


5699 17306 91.5730337078652
6042 16951 91.5730337078652


10115 15174 91.5730337078652
10638 14654 91.5730337078652


13491 25098 91.5730337078652
13846 24755 91.5730337078652


14654 10638 91.5730337078652
15174 10115 91.5730337078652


15623 20682 91.5730337078652
16143 20159 91.5730337078652


16951 6042 91.5730337078652
17306 5699 91.5730337078652


20159 16143 91.5730337078652
20682 15623 91.5730337078652


24755 13846 91.5730337078652
25098 13491 91.5730337078652


6553 19874 91.5997322623829
9511 16951 91.5997322623829


10923 24244 91.5997322623829
13846 21286 91.5997322623829


16951 9511 91.5997322623829
19874 6553 91.5997322623829


21286 13846 91.5997322623829
24244 10923 91.5997322623829


675436 1847019 91.6184971098266
676126 1846329 91.6184971098266


675436 1856405 91.6184971098266
676126 1855715 91.6184971098266


1846329 676126 91.6184971098266
1847019 675436 91.6184971098266


1855715 676126 91.6184971098266
1856405 675436 91.6184971098266


24180 13846 91.6452442159383
24951 13086 91.6452442159383


850343 200599 91.6524119055765
853241 197697 91.6524119055765


197697 853241 91.6524119055765
200599 850343 91.6524119055765


560787 684320 91.6566866267465
563246 681819 91.6566866267465


16951 7771 91.6624040920716
18866 5846 91.6624040920716


23026 13846 91.6624040920716
24951 11931 91.6624040920716


880472 640147 91.6716417910448
883814 636827 91.6716417910448


1866416 640147 91.6716417910448
1869758 636827 91.6716417910448


636827 883814 91.6716417910448
640147 880472 91.6716417910448


636827 1869758 91.6716417910448
640147 1866416 91.6716417910448


22453 13846 91.6730038022814
25026 11271 91.6730038022814


1862577 204704 91.713747645951
1863107 204176 91.713747645951


1862577 235589 91.713747645951
1863107 235061 91.713747645951


204176 1863107 91.713747645951
204704 1862577 91.713747645951


235061 1863107 91.713747645951
235589 1862577 91.713747645951


1846329 200296 91.7630057803468
1847019 199606 91.7630057803468


1846329 231181 91.7630057803468
1847019 230491 91.7630057803468


1855715 231181 91.7630057803468
1856405 230491 91.7630057803468


1855715 200296 91.7630057803468
1856405 199606 91.7630057803468


199606 1847019 91.7630057803468
200296 1846329 91.7630057803468


199606 1856405 91.7630057803468
200296 1855715 91.7630057803468


230491 1856405 91.7630057803468
231181 1855715 91.7630057803468


230491 1847019 91.7630057803468
231181 1846329 91.7630057803468


1862573 680283 91.7757009345794
1863107 679749 91.7757009345794


679749 1863107 91.7757009345794
680283 1862573 91.7757009345794


460997 344103 91.7910447761194
461129 343971 91.7910447761194


491296 344103 91.7910447761194
491428 343971 91.7910447761194


343971 491428 91.7910447761194
344103 491296 91.7910447761194


343971 461129 91.7910447761194
344103 460997 91.7910447761194


456003 1856422 91.8194640338505
456710 1855715 91.8194640338505


456003 1847036 91.8194640338505
456710 1846329 91.8194640338505


486302 1856422 91.8194640338505
487009 1855715 91.8194640338505


486302 1847036 91.8194640338505
487009 1846329 91.8194640338505


1846329 456710 91.8194640338505
1847036 456003 91.8194640338505


1846329 487009 91.8194640338505
1847036 486302 91.8194640338505


1855715 487009 91.8194640338505
1856422 486302 91.8194640338505


1855715 456710 91.8194640338505
1856422 456003 91.8194640338505


875703 236537 91.85733512786
877163 235061 91.85733512786


875703 205652 91.85733512786
877163 204176 91.85733512786


1891870 205652 91.85733512786
1893330 204176 91.85733512786


1891870 236537 91.85733512786
1893330 235061 91.85733512786


204176 877163 91.85733512786
205652 875703 91.85733512786


235061 877163 91.85733512786
236537 875703 91.85733512786


204176 1893330 91.85733512786
205652 1891870 91.85733512786


235061 1893330 91.85733512786
236537 1891870 91.85733512786


12222 15188 91.869918699187
12826 14593 91.869918699187


14593 12826 91.869918699187
15188 12222 91.869918699187


15609 18575 91.869918699187
16204 17971 91.869918699187


17971 16204 91.869918699187
18575 15609 91.869918699187


5971 19881 91.8829008649368
8932 16951 91.8829008649368


10916 24826 91.8829008649368
13846 21865 91.8829008649368


16951 8932 91.8829008649368
19881 5971 91.8829008649368


21865 13846 91.8829008649368
24826 10916 91.8829008649368


880083 201234 91.9395465994962
880479 200839 91.9395465994962


880083 232119 91.9395465994962
880479 231724 91.9395465994962


1866027 201234 91.9395465994962
1866423 200839 91.9395465994962


1866027 232119 91.9395465994962
1866423 231724 91.9395465994962


200839 880479 91.9395465994962
201234 880083 91.9395465994962


231724 880479 91.9395465994962
232119 880083 91.9395465994962


200839 1866423 91.9395465994962
201234 1866027 91.9395465994962


231724 1866423 91.9395465994962
232119 1866027 91.9395465994962


534774 317724 92.0308483290488
535551 316949 92.0308483290488


565425 317724 92.0308483290488
566202 316949 92.0308483290488


316949 566202 92.0308483290488
317724 565425 92.0308483290488


316949 535551 92.0308483290488
317724 534774 92.0308483290488


639079 1856422 92.090395480226
639786 1855715 92.090395480226


639079 1847036 92.090395480226
639786 1846329 92.090395480226


1846329 639786 92.090395480226
1847036 639079 92.090395480226


1855715 639786 92.090395480226
1856422 639079 92.090395480226


534774 643395 92.1389396709324
535867 642303 92.1389396709324


565425 643395 92.1389396709324
566518 642303 92.1389396709324


642303 535867 92.1389396709324
643395 534774 92.1389396709324


642303 566518 92.1389396709324
643395 565425 92.1389396709324


16951 8344 92.1653543307087
19436 5846 92.1653543307087


636139 541984 92.209026128266
640298 537784 92.209026128266


636139 572635 92.209026128266
640298 568435 92.209026128266


537784 640298 92.2108762764189
541984 636139 92.2108762764189


568435 640298 92.2108762764189
572635 636139 92.2108762764189


906675 348383 92.2227556409025
908747 346308 92.2227556409025


346308 908747 92.2227556409025
348383 906675 92.2227556409025


681819 563246 92.2242314647378
682371 562700 92.2242314647378


1863220 234951 92.2881355932203
1864398 233773 92.2881355932203


1863220 204066 92.2881355932203
1864398 202888 92.2881355932203


202888 1864398 92.2881355932203
