#-- forward hits sorted by %sim
0 0 0
0 0 0


158229 246965 78.9173789173789
158926 247662 78.9173789173789


178782 274899 78.9173789173789
179479 275596 78.9173789173789


274899 178782 78.9173789173789
275596 179479 78.9173789173789


246965 158229 78.9473684210526
247662 158926 78.9473684210526


640111 200770 80.5309734513274
640325 200993 80.5309734513274


640111 231655 80.5309734513274
640325 231878 80.5309734513274


453235 906071 81.3471502590674
453619 906454 81.3471502590674


483534 906071 81.3471502590674
483918 906454 81.3471502590674


906071 483534 81.3471502590674
906454 483918 81.3471502590674


906071 453235 81.3471502590674
906454 453619 81.3471502590674


144151 262556 81.4298978644382
145223 263625 81.4298978644382


192485 258933 81.4298978644382
193557 260002 81.4298978644382


258933 192485 81.4298978644382
260002 193557 81.4298978644382


262556 144151 81.4298978644382
263625 145223 81.4298978644382


642903 1844730 81.5672306322351
644002 1845847 81.5672306322351


642903 1854116 81.5672306322351
644002 1855233 81.5672306322351


1844730 642903 81.5672306322351
1845847 644002 81.5672306322351


1854116 642903 81.5672306322351
1855233 644002 81.5672306322351


1844730 317232 82.051282051282
1845819 318303 82.051282051282


1844730 347070 82.051282051282
1845819 348141 82.051282051282


1854116 347070 82.051282051282
1855205 348141 82.051282051282


1854116 317232 82.051282051282
1855205 318303 82.051282051282


317232 1844730 82.051282051282
318303 1845819 82.051282051282


317232 1854116 82.051282051282
318303 1855205 82.051282051282


347070 1854116 82.051282051282
348141 1855205 82.051282051282


347070 1844730 82.051282051282
348141 1845819 82.051282051282


453235 875849 82.1243523316062
453619 876233 82.1243523316062


483534 875849 82.1243523316062
483918 876233 82.1243523316062


453235 1892016 82.1243523316062
453619 1892400 82.1243523316062


483534 1892016 82.1243523316062
483918 1892400 82.1243523316062


875849 453235 82.1243523316062
876233 453619 82.1243523316062


875849 483534 82.1243523316062
876233 483918 82.1243523316062


1892016 453235 82.1243523316062
1892400 453619 82.1243523316062


1892016 483534 82.1243523316062
1892400 483918 82.1243523316062


5699 10215 82.1969696969697
6466 10932 82.1969696969697


10215 5699 82.1969696969697
10932 6466 82.1969696969697


19865 24331 82.1969696969697
20582 25098 82.1969696969697


24331 19865 82.1969696969697
25098 20582 82.1969696969697


587281 615244 82.4335904027421
588441 616404 82.4335904027421


587281 588746 82.4335904027421
588441 589906 82.4335904027421


588746 587281 82.4335904027421
589906 588441 82.4335904027421


588746 613779 82.4335904027421
589906 614939 82.4335904027421


613779 588746 82.4335904027421
614939 589906 82.4335904027421


613779 615244 82.4335904027421
614939 616404 82.4335904027421


615244 613779 82.4335904027421
616404 614939 82.4335904027421


615244 587281 82.4335904027421
616404 588441 82.4335904027421


852711 1848012 83.5125448028674
852981 1848288 83.5125448028674


852711 1857398 83.5125448028674
852981 1857674 83.5125448028674


1848012 852711 83.5125448028674
1848288 852981 83.5125448028674


1857398 852711 83.5125448028674
1857674 852981 83.5125448028674


640793 677080 83.9901477832512
641197 677483 83.9901477832512


677080 640793 84.029484029484
677483 641197 84.029484029484


671175 226386 84.0816326530612
671894 227118 84.0816326530612


701975 226386 84.0816326530612
702694 227118 84.0816326530612


671175 634991 84.0816326530612
671894 635723 84.0816326530612


701975 634991 84.0816326530612
702694 635723 84.0816326530612


226386 671175 84.0816326530612
227118 671894 84.0816326530612


226386 701975 84.0816326530612
227118 702694 84.0816326530612


634991 671175 84.0816326530612
635723 671894 84.0816326530612


634991 701975 84.0816326530612
635723 702694 84.0816326530612


501753 759132 84.6715328467153
502293 759668 84.6715328467153


532417 757595 84.6715328467153
532957 758131 84.6715328467153


757595 532417 84.6715328467153
758131 532957 84.6715328467153


759132 501753 84.6715328467153
759668 502293 84.6715328467153


16951 19240 84.7503373819163
19874 21929 84.7503373819163


19240 16951 84.7503373819163
21929 19874 84.7503373819163


156789 245525 84.7826086956522
157679 246441 84.7826086956522


180029 276120 84.7826086956522
180919 277036 84.7826086956522


245525 156789 84.7826086956522
246441 157679 84.7826086956522


276120 180029 84.7826086956522
277036 180919 84.7826086956522


734608 144151 84.9654377880184
736334 145871 84.9654377880184


144151 734608 84.9654377880184
145871 736334 84.9654377880184


8868 10923 85.0050658561297
11557 13846 85.0050658561297


10923 8868 85.0050658561297
13846 11557 85.0050658561297


732042 191837 85.014409221902
733767 193557 85.014409221902


191837 732042 85.014409221902
193557 733767 85.014409221902


757847 195833 85.0694444444444
758131 196115 85.0694444444444


759132 141593 85.0694444444444
759416 141875 85.0694444444444


141593 759132 85.0694444444444
141875 759416 85.0694444444444


195833 757847 85.0694444444444
196115 758131 85.0694444444444


5699 8553 85.1288056206089
8194 10930 85.1288056206089


8553 5699 85.1288056206089
10930 8194 85.1288056206089


19867 22603 85.1288056206089
22244 25098 85.1288056206089


22603 19867 85.1288056206089
25098 22244 85.1288056206089


482570 672683 85.1449275362319
483111 673233 85.1449275362319


672683 482570 85.1449275362319
673233 483111 85.1449275362319


9440 10916 85.1581508515815
10930 12544 85.1581508515815


10916 9440 85.1581508515815
12544 10930 85.1581508515815


18253 19867 85.1581508515815
19881 21357 85.1581508515815


19867 18253 85.1581508515815
21357 19881 85.1581508515815


882914 1857398 85.3046594982079
883191 1857674 85.3046594982079


882914 1848012 85.3046594982079
883191 1848288 85.3046594982079


1848012 882914 85.3046594982079
1848288 883191 85.3046594982079


1857398 882914 85.3046594982079
1857674 883191 85.3046594982079


1868858 1857398 85.3046594982079
1869135 1857674 85.3046594982079


1868858 1848012 85.3046594982079
1869135 1848288 85.3046594982079


1848012 1868858 85.3046594982079
1848288 1869135 85.3046594982079


1857398 1868858 85.3046594982079
1857674 1869135 85.3046594982079


732601 281176 85.5491329479769
732773 281348 85.5491329479769


735603 315053 85.5491329479769
735775 315225 85.5491329479769


281176 732601 85.5491329479769
281348 732773 85.5491329479769


315053 735603 85.5491329479769
315225 735775 85.5491329479769


420628 421649 85.781990521327
421030 422070 85.781990521327


421649 420628 85.781990521327
422070 421030 85.781990521327


432687 433727 85.781990521327
433108 434129 85.781990521327


433727 432687 85.781990521327
434129 433108 85.781990521327


167275 84146 85.8880778588808
167685 84551 85.8880778588808


170022 76857 85.8880778588808
170432 77262 85.8880778588808


76857 170022 85.8880778588808
77262 170432 85.8880778588808


84146 167275 85.8880778588808
84551 167685 85.8880778588808


733017 259254 85.9229747675963
733768 260003 85.9229747675963


259254 733017 85.9229747675963
260003 733768 85.9229747675963


734607 262555 85.9416445623342
735359 263304 85.9416445623342


262555 734607 85.9416445623342
263304 735359 85.9416445623342


729891 279155 86.0730593607306
730762 280022 86.0730593607306


279155 729891 86.0730593607306
280022 730762 86.0730593607306


1787908 1788007 86.1198738170347
1788221 1788320 86.1198738170347


1788007 1787908 86.1198738170347
1788320 1788221 86.1198738170347


657013 212221 86.1441013460016
658263 213474 86.1441013460016


657013 651576 86.1441013460016
658263 652829 86.1441013460016


212221 657013 86.1441013460016
213474 658263 86.1441013460016


651576 657013 86.1441013460016
652829 658263 86.1441013460016


459584 1844730 86.1855670103093
460067 1845213 86.1855670103093


459584 1854116 86.1855670103093
460067 1854599 86.1855670103093


489883 1854116 86.1855670103093
490366 1854599 86.1855670103093


489883 1844730 86.1855670103093
490366 1845213 86.1855670103093


1844730 459584 86.1855670103093
1845213 460067 86.1855670103093


1844730 489883 86.1855670103093
1845213 490366 86.1855670103093


1854116 459584 86.1855670103093
1854599 460067 86.1855670103093


1854116 489883 86.1855670103093
1854599 490366 86.1855670103093


5699 7989 86.2090880203368
8773 10927 86.2090880203368


7989 5699 86.2090880203368
10927 8773 86.2090880203368


19870 22024 86.2090880203368
22808 25098 86.2090880203368


22024 19870 86.2090880203368
25098 22808 86.2090880203368


5699 9657 86.2371888726208
7046 10927 86.2371888726208


9657 5699 86.2371888726208
10927 7046 86.2371888726208


19870 23751 86.2371888726208
21140 25098 86.2371888726208


23751 19870 86.2371888726208
25098 21140 86.2371888726208


258333 315235 86.3057324840764
258645 315547 86.3057324840764


263915 280854 86.3057324840764
264227 281166 86.3057324840764


280854 263915 86.3057324840764
281166 264227 86.3057324840764


315235 258333 86.3057324840764
315547 258645 86.3057324840764


317846 235070 86.3207547169811
319315 236537 86.3207547169811


317846 204185 86.3207547169811
319315 205652 86.3207547169811


347684 235070 86.3207547169811
349153 236537 86.3207547169811


347684 204185 86.3207547169811
349153 205652 86.3207547169811


204185 317846 86.3207547169811
205652 319315 86.3207547169811


204185 347684 86.3207547169811
205652 349153 86.3207547169811


235070 347684 86.3207547169811
236537 349153 86.3207547169811


235070 317846 86.3207547169811
236537 319315 86.3207547169811


165591 75114 86.3509749303621
166305 75825 86.3509749303621


171403 85583 86.3509749303621
172117 86294 86.3509749303621


75114 165591 86.3509749303621
75825 166305 86.3509749303621


85583 171403 86.3509749303621
86294 172117 86.3509749303621


5699 9150 86.4379736737136
10570 13846 86.4379736737136


9150 5699 86.4379736737136
13846 10570 86.4379736737136


16951 20227 86.4379736737136
21647 25098 86.4379736737136


20227 16951 86.4379736737136
25098 21647 86.4379736737136


468156 657013 86.4565587734242
469320 658174 86.4565587734242


498454 657013 86.4565587734242
499618 658174 86.4565587734242


706394 657013 86.4565587734242
707558 658174 86.4565587734242


657013 706394 86.4565587734242
658174 707558 86.4565587734242


657013 468156 86.4565587734242
658174 469320 86.4565587734242


657013 498454 86.4565587734242
658174 499618 86.4565587734242


657013 325850 86.4608076009501
658263 327103 86.4608076009501


657013 355688 86.4608076009501
658263 356941 86.4608076009501


325850 657013 86.4608076009501
327103 658263 86.4608076009501


355688 657013 86.4608076009501
356941 658263 86.4608076009501


462259 645591 86.6666666666667
462572 645920 86.6666666666667


492558 645591 86.6666666666667
492871 645920 86.6666666666667


645591 492558 86.6666666666667
645920 492871 86.6666666666667


645591 462259 86.6666666666667
645920 462572 86.6666666666667


5699 6262 86.7101508357114
10425 10932 86.7101508357114


6262 5699 86.7101508357114
10932 10425 86.7101508357114


19865 20372 86.7101508357114
24535 25098 86.7101508357114


20372 19865 86.7101508357114
25098 24535 86.7101508357114


906445 343975 86.8131868131868
906623 344152 86.8131868131868


343975 906445 86.8131868131868
344152 906623 86.8131868131868


905925 563848 86.8385345997286
907380 565315 86.8385345997286


563848 905925 86.8385345997286
565315 907380 86.8385345997286


462241 319842 87.0689655172414
462572 320189 87.0689655172414


462241 349680 87.0689655172414
462572 350027 87.0689655172414


492540 319842 87.0689655172414
492871 320189 87.0689655172414


492540 349680 87.0689655172414
492871 350027 87.0689655172414


319842 462241 87.0689655172414
320189 462572 87.0689655172414


319842 492540 87.0689655172414
320189 492871 87.0689655172414


349680 492540 87.0689655172414
350027 492871 87.0689655172414


349680 462241 87.0689655172414
350027 462572 87.0689655172414


737614 316378 87.1080139372822
738184 316948 87.1080139372822


316378 737614 87.1080139372822
316948 738184 87.1080139372822


17101 19867 87.1161313095658
19881 22524 87.1161313095658


19867 17101 87.1161313095658
22524 19881 87.1161313095658


461333 348840 87.1527777777778
461620 349127 87.1527777777778


461333 319002 87.1527777777778
461620 319289 87.1527777777778


491632 348840 87.1527777777778
491919 349127 87.1527777777778


491632 319002 87.1527777777778
491919 319289 87.1527777777778


319002 491632 87.1527777777778
319289 491919 87.1527777777778


319002 461333 87.1527777777778
319289 461620 87.1527777777778


348840 461333 87.1527777777778
349127 461620 87.1527777777778


348840 491632 87.1527777777778
349127 491919 87.1527777777778


146334 264737 87.1720116618076
146676 265079 87.1720116618076


191032 257481 87.1720116618076
191374 257823 87.1720116618076


257481 191032 87.1720116618076
257823 191374 87.1720116618076


264737 146334 87.1720116618076
265079 146676 87.1720116618076


452354 672766 87.1794871794872
452812 673233 87.1794871794872


672766 452354 87.1794871794872
673233 452812 87.1794871794872


145323 280662 87.2047244094488
145828 281169 87.2047244094488


191880 315232 87.2047244094488
192385 315739 87.2047244094488


280662 145323 87.2047244094488
281169 145828 87.2047244094488


315232 191880 87.2047244094488
315739 192385 87.2047244094488


679153 1854122 87.2651356993737
679630 1854599 87.2651356993737


679153 1844736 87.2651356993737
679630 1845213 87.2651356993737


1844736 679153 87.2651356993737
1845213 679630 87.2651356993737


1854122 679153 87.2651356993737
1854599 679630 87.2651356993737


876224 343975 87.292817679558
876401 344152 87.292817679558


1892391 343975 87.292817679558
1892568 344152 87.292817679558


343975 876224 87.292817679558
344152 876401 87.292817679558


343975 1892391 87.292817679558
344152 1892568 87.292817679558


875703 563848 87.3048200950441
877163 565315 87.3048200950441


1891870 563848 87.3048200950441
1893330 565315 87.3048200950441


563848 875703 87.3048200950441
565315 877163 87.3048200950441


563848 1891870 87.3048200950441
565315 1893330 87.3048200950441


145510 263911 87.3320537428023
146029 264430 87.3320537428023


191679 258130 87.3320537428023
192198 258649 87.3320537428023


258130 191679 87.3320537428023
258649 192198 87.3320537428023


263911 145510 87.3320537428023
264430 146029 87.3320537428023


9946 10927 87.4528301886792
10927 11974 87.4528301886792


10927 9946 87.4528301886792
11974 10927 87.4528301886792


1844736 203580 87.4739039665971
1845213 204057 87.4739039665971


1844736 234465 87.4739039665971
1845213 234942 87.4739039665971


1854122 203580 87.4739039665971
1854599 204057 87.4739039665971


1854122 234465 87.4739039665971
1854599 234942 87.4739039665971


203580 1844736 87.4739039665971
204057 1845213 87.4739039665971


203580 1854122 87.4739039665971
204057 1854599 87.4739039665971


234465 1854122 87.4739039665971
234942 1854599 87.4739039665971


234465 1844736 87.4739039665971
234942 1845213 87.4739039665971


904800 562663 87.5776397515528
905442 563290 87.5776397515528


562663 904800 87.5776397515528
563290 905442 87.5776397515528


147979 243398 87.6254180602007
148566 243992 87.6254180602007


243398 147979 87.6254180602007
243992 148566 87.6254180602007


732087 315234 87.6470588235294
732593 315742 87.6470588235294


735783 280659 87.6470588235294
736289 281167 87.6470588235294


280659 735783 87.6470588235294
281167 736289 87.6470588235294


315234 732087 87.6470588235294
315742 732593 87.6470588235294


679758 347684 87.6943881000676
681227 349153 87.6943881000676


679758 317846 87.6943881000676
681227 319315 87.6943881000676


317846 679758 87.6943881000676
319315 681227 87.6943881000676


347684 679758 87.6943881000676
349153 681227 87.6943881000676


5699 7416 87.8592532903572
9358 10930 87.8592532903572


7416 5699 87.8592532903572
10930 9358 87.8592532903572


19867 21439 87.8592532903572
23381 25098 87.8592532903572


21439 19867 87.8592532903572
25098 23381 87.8592532903572


726198 295781 87.9684418145957
727209 296773 87.9684418145957


741167 299628 87.9684418145957
742178 300620 87.9684418145957


775079 295781 87.9684418145957
776090 296773 87.9684418145957


295781 775079 87.9684418145957
296773 776090 87.9684418145957


295781 726198 87.9684418145957
296773 727209 87.9684418145957


299628 741167 87.9684418145957
300620 742178 87.9684418145957


16949 18098 88.0379532361911
19870 20851 88.0379532361911


18098 16949 88.0379532361911
20851 19870 88.0379532361911


874574 562663 88.0434782608696
875216 563290 88.0434782608696


1890741 562663 88.0434782608696
1891383 563290 88.0434782608696


562663 874574 88.0434782608696
563290 875216 88.0434782608696


562663 1890741 88.0434782608696
563290 1891383 88.0434782608696


344705 344846 88.0952380952381
344829 344970 88.0952380952381


344846 344705 88.0952380952381
344970 344829 88.0952380952381


906445 231258 88.1720430107527
906623 231440 88.1720430107527


906445 200373 88.1720430107527
906623 200555 88.1720430107527


200373 906445 88.1720430107527
200555 906623 88.1720430107527


231258 906445 88.1720430107527
231440 906623 88.1720430107527


644325 491296 88.1981981981982
645431 492396 88.1981981981982


644325 460997 88.1981981981982
645431 462097 88.1981981981982


460997 644325 88.2088208820882
462097 645431 88.2088208820882


491296 644325 88.2088208820882
492396 645431 88.2088208820882


456783 564365 88.3597883597884
456964 564550 88.3597883597884


487082 564365 88.3597883597884
487263 564550 88.3597883597884


564365 456783 88.3597883597884
564550 456964 88.3597883597884


564365 487082 88.3597883597884
564550 487263 88.3597883597884


906445 676203 88.4615384615385
906623 676382 88.4615384615385


676203 906445 88.4615384615385
676382 906623 88.4615384615385


876224 200373 88.6486486486487
876401 200555 88.6486486486487


876224 231258 88.6486486486487
876401 231440 88.6486486486487


1892391 200373 88.6486486486487
1892568 200555 88.6486486486487


1892391 231258 88.6486486486487
1892568 231440 88.6486486486487


200373 876224 88.6486486486487
200555 876401 88.6486486486487


231258 876224 88.6486486486487
231440 876401 88.6486486486487


200373 1892391 88.6486486486487
200555 1892568 88.6486486486487


231258 1892391 88.6486486486487
231440 1892568 88.6486486486487


8273 10916 88.6914378029079
10638 13347 88.6914378029079


10916 8273 88.6914378029079
13347 10638 88.6914378029079


145622 148563 88.8475836431227
146159 149100 88.8475836431227


148563 145622 88.8475836431227
149100 146159 88.8475836431227


188608 191549 88.8475836431227
189145 192086 88.8475836431227


191549 188608 88.8475836431227
192086 189145 88.8475836431227


319857 206260 88.8888888888889
320189 206591 88.8888888888889


319857 237145 88.8888888888889
320189 237476 88.8888888888889


349695 206260 88.8888888888889
350027 206591 88.8888888888889


349695 237145 88.8888888888889
350027 237476 88.8888888888889


206260 349695 88.8888888888889
206591 350027 88.8888888888889


206260 319857 88.8888888888889
206591 320189 88.8888888888889


237145 349695 88.8888888888889
237476 350027 88.8888888888889


237145 319857 88.8888888888889
237476 320189 88.8888888888889


564365 200369 88.9473684210526
564550 200555 88.9473684210526


564365 231254 88.9473684210526
564550 231440 88.9473684210526


200369 564365 88.9473684210526
200555 564550 88.9473684210526


231254 564365 88.9473684210526
231440 564550 88.9473684210526


876224 676203 88.9502762430939
876401 676382 88.9502762430939


1892391 676203 88.9502762430939
1892568 676382 88.9502762430939


676203 876224 88.9502762430939
676382 876401 88.9502762430939


676203 1892391 88.9502762430939
676382 1892568 88.9502762430939


538066 235858 88.9705882352941
538197 235991 88.9705882352941


538066 204973 88.9705882352941
538197 205106 88.9705882352941


568717 204973 88.9705882352941
568848 205106 88.9705882352941


568717 235858 88.9705882352941
568848 235991 88.9705882352941


204973 538066 89.051094890511
205106 538197 89.051094890511


204973 568717 89.051094890511
205106 568848 89.051094890511


235858 538066 89.051094890511
235991 538197 89.051094890511


235858 568717 89.051094890511
235991 568848 89.051094890511


16949 20789 89.1558224891558
19881 23669 89.1558224891558


20789 16949 89.1558224891558
23669 19881 89.1558224891558


806627 36710 89.1566265060241
806788 36874 89.1566265060241


821362 51763 89.1566265060241
821523 51927 89.1566265060241


36710 806627 89.1566265060241
36874 806788 89.1566265060241


51763 821362 89.1566265060241
51927 821523 89.1566265060241


462259 681831 89.1797556719023
462824 682402 89.1797556719023


492558 681831 89.1797556719023
493123 682402 89.1797556719023


681831 492558 89.1797556719023
682402 493123 89.1797556719023


681831 462259 89.1797556719023
682402 462824 89.1797556719023


703204 684632 89.3787117405208
707558 688974 89.3787117405208


684632 703204 89.3787117405208
688974 707558 89.3787117405208


7128 10916 89.3787575150301
10008 13848 89.3787575150301


10916 7128 89.3787575150301
13848 10008 89.3787575150301


642619 316948 89.3831305077633
644980 319315 89.3831305077633


316948 642619 89.3831305077633
319315 644980 89.3831305077633


77336 33282 89.4067796610169
77570 33517 89.4067796610169


83838 55120 89.4067796610169
84072 55355 89.4067796610169


33282 77336 89.4067796610169
33517 77570 89.4067796610169


55120 83838 89.4067796610169
55355 84072 89.4067796610169


564365 676199 89.4179894179894
564550 676382 89.4179894179894


676199 564365 89.4179894179894
676382 564550 89.4179894179894


19870 20941 89.484927605032
23926 25068 89.484927605032


20941 19870 89.484927605032
25068 23926 89.484927605032


5729 6871 89.5798718253026
9856 10927 89.5798718253026


6871 5729 89.5798718253026
10927 9856 89.5798718253026


729954 189780 89.6168108776267
730762 190588 89.6168108776267


737614 147120 89.6168108776267
738422 147928 89.6168108776267


147120 737614 89.6168108776267
147928 738422 89.6168108776267


189780 729954 89.6168108776267
190588 730762 89.6168108776267


850344 568650 89.6287204664007
853575 571882 89.6287204664007


850344 537999 89.6287204664007
853575 541231 89.6287204664007


537999 850344 89.6287204664007
541231 853575 89.6287204664007


568650 850344 89.6287204664007
571882 853575 89.6287204664007


458993 233868 89.6683673469388
462862 237766 89.6683673469388


458993 202983 89.6683673469388
462862 206881 89.6683673469388


489292 233868 89.6683673469388
493161 237766 89.6683673469388


489292 202983 89.6683673469388
493161 206881 89.6683673469388


202983 489292 89.6683673469388
206881 493161 89.6683673469388


202983 458993 89.6683673469388
206881 462862 89.6683673469388


233868 458993 89.6683673469388
237766 462862 89.6683673469388


233868 489292 89.6683673469388
237766 493161 89.6683673469388


564365 639859 89.7849462365591
564550 640040 89.7849462365591


639859 564365 89.7849462365591
640040 564550 89.7849462365591


5699 15720 89.8580121703854
6173 16204 89.8580121703854


14593 24624 89.8580121703854
15077 25098 89.8580121703854


15720 5699 89.8580121703854
16204 6173 89.8580121703854


24624 14593 89.8580121703854
25098 15077 89.8580121703854


278569 189142 89.9197592778335
280553 191121 89.9197592778335


189142 278569 89.9248120300752
191121 280553 89.9248120300752


642288 346455 89.9410464259396
644980 349153 89.9410464259396


346455 642288 89.9410464259396
349153 644980 89.9410464259396


456787 906445 90.0552486187845
456964 906623 90.0552486187845


487086 906445 90.0552486187845
487263 906623 90.0552486187845


906445 456787 90.0552486187845
906623 456964 90.0552486187845


906445 487086 90.0552486187845
906623 487263 90.0552486187845


7309 15616 90.0662251655629
7900 16204 90.0662251655629


14593 22897 90.0662251655629
15181 23488 90.0662251655629


15616 7309 90.0662251655629
16204 7900 90.0662251655629


22897 14593 90.0662251655629
23488 15181 90.0662251655629


6159 15623 90.1666666666667
6746 16204 90.1666666666667


14593 24051 90.1666666666667
15174 24638 90.1666666666667


15623 6159 90.1666666666667
16204 6746 90.1666666666667


24051 14593 90.1666666666667
24638 15174 90.1666666666667


145140 315053 90.2298850574713
145312 315225 90.2298850574713


192396 281176 90.2298850574713
192568 281348 90.2298850574713


281176 192396 90.2298850574713
281348 192568 90.2298850574713


315053 145140 90.2298850574713
315225 145312 90.2298850574713


850646 1846329 90.2439024390244
851337 1847019 90.2439024390244


850646 1855715 90.2439024390244
851337 1856405 90.2439024390244


1846329 850646 90.2439024390244
1847019 851337 90.2439024390244


1855715 850646 90.2439024390244
1856405 851337 90.2439024390244


5731 12956 90.3083700440529
6617 13846 90.3083700440529


12956 5731 90.3083700440529
13846 6617 90.3083700440529


16951 24180 90.3083700440529
17841 25066 90.3083700440529


24180 16951 90.3083700440529
25066 17841 90.3083700440529


10617 11091 90.4458598726115
10927 11404 90.4458598726115


11091 10617 90.4458598726115
11404 10927 90.4458598726115


19393 19870 90.4458598726115
19706 20180 90.4458598726115


19870 19393 90.4458598726115
20180 19706 90.4458598726115


456787 876224 90.5555555555556
456964 876401 90.5555555555556


487086 876224 90.5555555555556
487263 876401 90.5555555555556


456787 1892391 90.5555555555556
456964 1892568 90.5555555555556


487086 1892391 90.5555555555556
487263 1892568 90.5555555555556


876224 487086 90.5555555555556
876401 487263 90.5555555555556


876224 456787 90.5555555555556
876401 456964 90.5555555555556


1892391 487086 90.5555555555556
1892568 487263 90.5555555555556


1892391 456787 90.5555555555556
1892568 456964 90.5555555555556


5699 12336 90.5844155844156
7201 13848 90.5844155844156


12336 5699 90.5844155844156
13848 7201 90.5844155844156


16949 23596 90.5844155844156
18461 25098 90.5844155844156


23596 16949 90.5844155844156
25098 18461 90.5844155844156


756088 79328 90.6015037593985
757140 80379 90.6015037593985


760123 81028 90.6015037593985
761175 82079 90.6015037593985


79328 756088 90.6015037593985
80379 757140 90.6015037593985


81028 760123 90.6015037593985
82079 761175 90.6015037593985


906445 639863 90.6077348066298
906623 640040 90.6077348066298


639863 906445 90.6077348066298
640040 906623 90.6077348066298


672279 227531 90.6103286384976
672491 227739 90.6103286384976


672279 636136 90.6103286384976
672491 636344 90.6103286384976


227531 672279 90.6103286384976
227739 672491 90.6103286384976


636136 672279 90.6103286384976
636344 672491 90.6103286384976


880643 680570 90.6779661016949
880759 680682 90.6779661016949


1866587 680570 90.6779661016949
1866703 680682 90.6779661016949


680570 880643 90.6779661016949
680682 880759 90.6779661016949


680570 1866587 90.6779661016949
680682 1866703 90.6779661016949


12798 15609 90.7617504051864
13408 16204 90.7617504051864


14593 17389 90.7617504051864
15188 17999 90.7617504051864


15609 12798 90.7617504051864
16204 13408 90.7617504051864


17389 14593 90.7617504051864
17999 15188 90.7617504051864


1893443 565425 90.7651715039578
1893821 565803 90.7651715039578


1893443 534774 90.7651715039578
1893821 535152 90.7651715039578


534774 1893443 90.7651715039578
535152 1893821 90.7651715039578


565425 1893443 90.7651715039578
565803 1893821 90.7651715039578


493130 682529 90.8072437077962
499618 688974 90.8072437077962


682529 493130 90.8072437077962
688974 499618 90.8072437077962


462831 682529 90.8225905463474
469320 688974 90.8225905463474


682529 462831 90.8225905463474
688974 469320 90.8225905463474


453733 673166 90.8549299970211
457081 676499 90.8549299970211


484032 673166 90.8549299970211
487380 676499 90.8549299970211


673166 453733 90.8549299970211
676499 457081 90.8549299970211


673166 484032 90.8549299970211
676499 487380 90.8549299970211


732042 258287 90.9090909090909
732403 258649 90.9090909090909


735973 263911 90.9090909090909
736334 264273 90.9090909090909


5699 11763 90.9090909090909
7771 13846 90.9090909090909


11763 5699 90.9090909090909
13846 7771 90.9090909090909


16951 23026 90.9090909090909
19034 25098 90.9090909090909


23026 16951 90.9090909090909
25098 19034 90.9090909090909


258287 732042 90.9090909090909
258649 732403 90.9090909090909


263911 735973 90.9090909090909
264273 736334 90.9090909090909


8446 15616 90.9531502423263
9061 16204 90.9531502423263


14593 21736 90.9531502423263
15181 22351 90.9531502423263


15616 8446 90.9531502423263
16204 9061 90.9531502423263


21736 14593 90.9531502423263
22351 15181 90.9531502423263


453757 228246 91.0421021200358
457093 231567 91.0421021200358


484056 228246 91.0421021200358
487392 231567 91.0421021200358


228246 453757 91.0421021200358
231567 457093 91.0421021200358


228246 484056 91.0421021200358
231567 487392 91.0421021200358


453733 340945 91.0526315789474
457525 344713 91.0526315789474


484032 340945 91.0526315789474
487824 344713 91.0526315789474


340945 453733 91.0526315789474
344713 457525 91.0526315789474


340945 484032 91.0526315789474
344713 487824 91.0526315789474


119362 297995 91.1057692307692
119775 298406 91.1057692307692


297995 119362 91.1057692307692
298406 119775 91.1057692307692


876224 639863 91.1111111111111
876401 640040 91.1111111111111


1892391 639863 91.1111111111111
1892568 640040 91.1111111111111


639863 876224 91.1111111111111
640040 876401 91.1111111111111


639863 1892391 91.1111111111111
640040 1892568 91.1111111111111


460195 317846 91.1554921540656
460891 318545 91.1554921540656


460195 347684 91.1554921540656
460891 348383 91.1554921540656


490494 347684 91.1554921540656
491190 348383 91.1554921540656


490494 317846 91.1554921540656
491190 318545 91.1554921540656


317846 490494 91.1554921540656
318545 491190 91.1554921540656


317846 460195 91.1554921540656
318545 460891 91.1554921540656


347684 460195 91.1554921540656
348383 460891 91.1554921540656


347684 490494 91.1554921540656
348383 491190 91.1554921540656


880534 537982 91.2296841459675
883790 541231 91.2296841459675


880534 568633 91.2296841459675
883790 571882 91.2296841459675


1866478 568633 91.2296841459675
1869734 571882 91.2296841459675


1866478 537982 91.2296841459675
1869734 541231 91.2296841459675


537982 880534 91.2296841459675
541231 883790 91.2296841459675


568633 880534 91.2296841459675
571882 883790 91.2296841459675


537982 1866478 91.2296841459675
541231 1869734 91.2296841459675


568633 1866478 91.2296841459675
571882 1869734 91.2296841459675


453888 197493 91.2340690083929
457093 200682 91.2340690083929


484187 197493 91.2340690083929
487392 200682 91.2340690083929


197493 453888 91.2340690083929
200682 457093 91.2340690083929


197493 484187 91.2340690083929
200682 487392 91.2340690083929


678306 642062 91.2359550561798
679639 643395 91.2359550561798


642062 678306 91.2359550561798
643395 679639 91.2359550561798


721818 750829 91.2669126691267
722628 751640 91.2669126691267


750829 721818 91.2669126691267
751640 722628 91.2669126691267


7884 15621 91.2751677852349
8467 16204 91.2751677852349


14593 22330 91.2751677852349
15176 22913 91.2751677852349


15621 7884 91.2751677852349
16204 8467 91.2751677852349


22330 14593 91.2751677852349
22913 15176 91.2751677852349


745749 765617 91.2776412776413
746560 766428 91.2776412776413


750829 770697 91.2776412776413
751640 771508 91.2776412776413


765617 745749 91.2776412776413
766428 746560 91.2776412776413


770697 750829 91.2776412776413
771508 751640 91.2776412776413


907493 534774 91.324200913242
908585 535867 91.324200913242


907493 565425 91.324200913242
908585 566518 91.324200913242


534774 907493 91.324200913242
535867 908585 91.324200913242


565425 907493 91.324200913242
566518 908585 91.324200913242


5699 11196 91.3493530499076
8344 13846 91.3493530499076


11196 5699 91.3493530499076
13846 8344 91.3493530499076


16951 22453 91.3493530499076
19601 25098 91.3493530499076


22453 16951 91.3493530499076
25098 19601 91.3493530499076


1862579 564784 91.3533834586466
1863107 565315 91.3533834586466


564784 1862579 91.3533834586466
565315 1863107 91.3533834586466


36519 37907 91.3934426229508
36759 38148 91.3934426229508


37907 36519 91.3934426229508
38148 36759 91.3934426229508


50489 51878 91.3934426229508
50730 52118 91.3934426229508


51878 50489 91.3934426229508
52118 50730 91.3934426229508


880854 1846329 91.3963328631876
881561 1847036 91.3963328631876


880854 1855715 91.3963328631876
881561 1856422 91.3963328631876


1846329 880854 91.3963328631876
1847036 881561 91.3963328631876


1855715 880854 91.3963328631876
1856422 881561 91.3963328631876


1866798 1855715 91.3963328631876
1867505 1856422 91.3963328631876


1866798 1846329 91.3963328631876
1867505 1847036 91.3963328631876


1846329 1866798 91.3963328631876
1847036 1867505 91.3963328631876


1855715 1866798 91.3963328631876
1856422 1867505 91.3963328631876


1863220 534774 91.4076782449726
1864312 535867 91.4076782449726


1863220 565425 91.4076782449726
1864312 566518 91.4076782449726


534774 1863220 91.4076782449726
535867 1864312 91.4076782449726


565425 1863220 91.4076782449726
566518 1864312 91.4076782449726


146587 315848 91.4182475158085
147690 316948 91.4182475158085


315848 146587 91.4182475158085
316948 147690 91.4182475158085


850436 680570 91.4529914529915
850551 680682 91.4529914529915


680570 850436 91.4529914529915
680682 850551 91.4529914529915


1846329 568947 91.4739884393064
1847019 569637 91.4739884393064


1846329 538296 91.4739884393064
1847019 538986 91.4739884393064


1855715 568947 91.4739884393064
1856405 569637 91.4739884393064


1855715 538296 91.4739884393064
1856405 538986 91.4739884393064


538296 1855715 91.4739884393064
538986 1856405 91.4739884393064


538296 1846329 91.4739884393064
538986 1847019 91.4739884393064


568947 1855715 91.4739884393064
569637 1856405 91.4739884393064


568947 1846329 91.4739884393064
569637 1847019 91.4739884393064


877276 534774 91.4990859232175
878368 535867 91.4990859232175


877276 565425 91.4990859232175
878368 566518 91.4990859232175


534774 877276 91.4990859232175
535867 878368 91.4990859232175


565425 877276 91.4990859232175
566518 878368 91.4990859232175


457262 676682 91.5178571428571
457485 676905 91.5178571428571


487561 676682 91.5178571428571
487784 676905 91.5178571428571


676682 487561 91.5178571428571
676905 487784 91.5178571428571


676682 457262 91.5178571428571
676905 457485 91.5178571428571


5699 13491 91.5730337078652
6042 13846 91.5730337078652


10115 15623 91.5730337078652
10638 16143 91.5730337078652


13491 5699 91.5730337078652
13846 6042 91.5730337078652


14654 20159 91.5730337078652
15174 20682 91.5730337078652


15623 10115 91.5730337078652
16143 10638 91.5730337078652


16951 24755 91.5730337078652
17306 25098 91.5730337078652


20159 14654 91.5730337078652
20682 15174 91.5730337078652


24755 16951 91.5730337078652
25098 17306 91.5730337078652


453757 636851 91.5828784831945
457226 640302 91.5828784831945


484056 636851 91.5828784831945
487525 640302 91.5828784831945


636851 453757 91.5828784831945
640302 457226 91.5828784831945


636851 484056 91.5828784831945
640302 487525 91.5828784831945


6553 10923 91.5997322623829
9511 13846 91.5997322623829


10923 6553 91.5997322623829
13846 9511 91.5997322623829


16951 21286 91.5997322623829
19874 24244 91.5997322623829


21286 16951 91.5997322623829
24244 19874 91.5997322623829


460186 643508 91.830985915493
460891 644213 91.830985915493


490485 643508 91.830985915493
491190 644213 91.830985915493


643508 460186 91.830985915493
644213 460891 91.830985915493


643508 490485 91.830985915493
644213 491190 91.830985915493


12222 15609 91.869918699187
12826 16204 91.869918699187


14593 17971 91.869918699187
15188 18575 91.869918699187


15609 12222 91.869918699187
16204 12826 91.869918699187


17971 14593 91.869918699187
18575 15188 91.869918699187


5971 10916 91.8829008649368
8932 13846 91.8829008649368


10916 5971 91.8829008649368
13846 8932 91.8829008649368


16951 21865 91.8829008649368
19881 24826 91.8829008649368


21865 16951 91.8829008649368
24826 19881 91.8829008649368


470209 659137 91.9361474533037
482344 671266 91.9361474533037


470209 689937 91.9361474533037
482344 702066 91.9361474533037


659137 470209 91.9361474533037
671266 482344 91.9361474533037


689937 470209 91.9361474533037
702066 482344 91.9361474533037


458991 678554 91.9747235387046
462133 681713 91.9747235387046


489290 678554 91.9747235387046
492432 681713 91.9747235387046


678554 489290 91.9747235387046
681713 492432 91.9747235387046


678554 458991 91.9747235387046
681713 462133 91.9747235387046


642211 233767 91.9966301600674
643395 234951 91.9966301600674


642211 202882 91.9966301600674
643395 204066 91.9966301600674


202882 642211 91.9966301600674
204066 643395 91.9966301600674


233767 642211 91.9966301600674
234951 643395 91.9966301600674


681816 206248 92.0038403511178
689063 213474 92.0038403511178


206248 681816 92.0038403511178
213474 689063 92.0038403511178


682898 350767 92.0844752539094
689063 356941 92.0844752539094


682898 320929 92.0844752539094
689063 327103 92.0844752539094


320929 682898 92.0844752539094
327103 689063 92.0844752539094


350767 682898 92.0844752539094
356941 689063 92.0844752539094


906889 534168 92.1529175050302
907380 534664 92.1529175050302


534168 906889 92.1529175050302
534664 907380 92.1529175050302


708447 689937 92.3153593142629
718456 699937 92.3153593142629


708447 659137 92.3153593142629
718456 669137 92.3153593142629


659137 708447 92.3153593142629
669137 718456 92.3153593142629


689937 708447 92.3153593142629
699937 718456 92.3153593142629


9045 15621 92.3364485981308
9573 16143 92.3364485981308


14654 21224 92.3364485981308
15176 21752 92.3364485981308


15621 9045 92.3364485981308
16143 9573 92.3364485981308


21224 14654 92.3364485981308
21752 15176 92.3364485981308


10916 12056 92.3458149779736
12699 13848 92.3458149779736


12056 10916 92.3458149779736
13848 12699 92.3458149779736


876670 534168 92.3541247484909
877163 534664 92.3541247484909


1862614 534168 92.3541247484909
1863107 534664 92.3541247484909


1892837 534168 92.3541247484909
1893330 534664 92.3541247484909


534168 876670 92.3541247484909
534664 877163 92.3541247484909


534168 1862614 92.3541247484909
534664 1863107 92.3541247484909


534168 1892837 92.3541247484909
534664 1893330 92.3541247484909


10916 12626 92.4009700889248
12127 13846 92.4009700889248


12626 10916 92.4009700889248
13846 12127 92.4009700889248


16951 18670 92.4009700889248
18171 19881 92.4009700889248


18670 16951 92.4009700889248
19881 18171 92.4009700889248


9562 15628 92.4137931034483
10129 16204 92.4137931034483


14593 20668 92.4137931034483
15169 21235 92.4137931034483


15628 9562 92.4137931034483
16204 10129 92.4137931034483


20668 14593 92.4137931034483
21235 15169 92.4137931034483


13386 15615 92.5531914893617
13846 16081 92.5531914893617


14716 16951 92.5531914893617
15182 17411 92.5531914893617


15615 13386 92.5531914893617
16081 13846 92.5531914893617


16951 14716 92.5531914893617
17411 15182 92.5531914893617


10928 11498 92.5879396984925
13281 13848 92.5879396984925


11498 10928 92.5879396984925
13848 13281 92.5879396984925


16949 17516 92.5879396984925
19299 19869 92.5879396984925


17516 16949 92.5879396984925
19869 19299 92.5879396984925


879810 910114 92.6267281105991
880025 910329 92.6267281105991


879810 879897 92.6267281105991
880025 880112 92.6267281105991


879897 879810 92.6267281105991
880112 880025 92.6267281105991


879897 910027 92.6267281105991
880112 910242 92.6267281105991


910027 879897 92.6267281105991
910242 880112 92.6267281105991


910027 910114 92.6267281105991
910242 910329 92.6267281105991


910114 879810 92.6267281105991
910329 880025 92.6267281105991


910114 910027 92.6267281105991
910329 910242 92.6267281105991


1865754 910114 92.6267281105991
1865969 910329 92.6267281105991


