#-- reverse hits sorted by %sim
0 0 0
0 0 0


1180549 1224483 80
1181176 1223847 80


1180549 1247018 80
1181176 1246382 80


1210243 1247018 80
1210870 1246382 80


1210243 1224483 80
1210870 1223847 80


1310586 252533 80.2980132450331
1311181 251942 80.2980132450331


1332301 252533 80.2980132450331
1332896 251942 80.2980132450331


251942 1311181 80.2980132450331
252533 1310586 80.2980132450331


251942 1332896 80.2980132450331
252533 1332301 80.2980132450331


1223847 1210870 80.6547619047619
1224515 1210211 80.6547619047619


1223847 1181176 80.6547619047619
1224515 1180517 80.6547619047619


1246382 1210870 80.6547619047619
1247050 1210211 80.6547619047619


1246382 1181176 80.6547619047619
1247050 1180517 80.6547619047619


1339103 1250506 80.7909604519774
1339453 1250155 80.7909604519774


1339103 1227971 80.7909604519774
1339453 1227620 80.7909604519774


1366807 1227971 80.7909604519774
1367157 1227620 80.7909604519774


1366807 1250506 80.7909604519774
1367157 1250155 80.7909604519774


1227620 1367157 80.7909604519774
1227971 1366807 80.7909604519774


1227620 1339453 80.7909604519774
1227971 1339103 80.7909604519774


1250155 1339453 80.7909604519774
1250506 1339103 80.7909604519774


1250155 1367157 80.7909604519774
1250506 1366807 80.7909604519774


1356396 1217266 81.335247666906
1357781 1215897 81.335247666906


1215897 1357781 81.335247666906
1217266 1356396 81.335247666906


1384100 1217266 81.4070351758794
1385485 1215897 81.4070351758794


1215897 1385485 81.4070351758794
1217266 1384100 81.4070351758794


1556346 252533 81.6964285714286
1557012 251879 81.6964285714286


251879 1557012 81.6964285714286
252533 1556346 81.6964285714286


1346278 77099 81.8249258160237
1347603 75777 81.8249258160237


1373982 77099 81.8249258160237
1375307 75777 81.8249258160237


75777 1375307 81.8249258160237
77099 1373982 81.8249258160237


75777 1347603 81.8249258160237
77099 1346278 81.8249258160237


1525932 252533 81.8452380952381
1526598 251879 81.8452380952381


251879 1526598 81.8452380952381
252533 1525932 81.8452380952381


1339103 246763 82.0121951219512
1339427 246438 82.0121951219512


1366807 246763 82.0121951219512
1367131 246438 82.0121951219512


246438 1339427 82.0121951219512
246763 1339103 82.0121951219512


246438 1367131 82.0121951219512
246763 1366807 82.0121951219512


86678 63308 82.2340425531915
87608 62374 82.2340425531915


62374 87608 82.2340425531915
63308 86678 82.2340425531915


198247 77106 82.3399558498896
199585 75772 82.3399558498896


1509283 77106 82.3399558498896
1510621 75772 82.3399558498896


1539697 77106 82.3399558498896
1541035 75772 82.3399558498896


75772 1541035 82.3399558498896
77106 1539697 82.3399558498896


75772 1510621 82.3399558498896
77106 1509283 82.3399558498896


75772 199585 82.3399558498896
77106 198247 82.3399558498896


130607 77106 82.5735294117647
131945 75772 82.5735294117647


161224 77106 82.5735294117647
162562 75772 82.5735294117647


75772 162562 82.5735294117647
77106 161224 82.5735294117647


75772 131945 82.5735294117647
77106 130607 82.5735294117647


76211 1215894 82.6419213973799
77106 1214996 82.6419213973799


1214996 77106 82.6419213973799
1215894 76211 82.6419213973799


1297538 243687 82.9138062547674
1298824 242402 82.9138062547674


1319253 243687 82.9138062547674
1320539 242402 82.9138062547674


242402 1298824 82.9138062547674
243687 1297538 82.9138062547674


242402 1320539 82.9138062547674
243687 1319253 82.9138062547674


75772 1186641 83.1617647058824
77106 1185302 83.1617647058824


1185302 77106 83.1617647058824
1186641 75772 83.1617647058824


174809 1288282 83.2585949177877
175476 1287634 83.2585949177877


1287634 175476 83.2585949177877
1288282 174809 83.2585949177877


1396752 1247862 83.2618025751073
1397216 1247401 83.2618025751073


1396752 1225327 83.2618025751073
1397216 1224866 83.2618025751073


1224866 1397216 83.2618025751073
1225327 1396752 83.2618025751073


1247401 1397216 83.2618025751073
1247862 1396752 83.2618025751073


246832 1206498 83.5329341317365
247157 1206173 83.5329341317365


246832 1176804 83.5329341317365
247157 1176479 83.5329341317365


1176479 247157 83.5329341317365
1176804 246832 83.5329341317365


1206173 247157 83.5329341317365
1206498 246832 83.5329341317365


189057 74604 83.6134453781513
189506 74131 83.6134453781513


74131 189506 83.6134453781513
74604 189057 83.6134453781513


1318780 1406594 83.7662337662338
1319234 1406134 83.7662337662338


1406134 1319234 83.7662337662338
1406594 1318780 83.7662337662338


1432314 68342 83.8095238095238
1432626 68030 83.8095238095238


68030 1432626 83.8095238095238
68342 1432314 83.8095238095238


188100 94611 83.843717001056
189043 93666 83.843717001056


93666 189043 83.843717001056
94611 188100 83.843717001056


184603 103409 83.9153439153439
185546 102466 83.9153439153439


184603 96395 83.9153439153439
185546 95454 83.9153439153439


188100 87594 83.9153439153439
189043 86651 83.9153439153439


86651 189043 83.9153439153439
87594 188100 83.9153439153439


95454 185546 83.9153439153439
96395 184603 83.9153439153439


102466 185546 83.9153439153439
103409 184603 83.9153439153439


1343756 1222231 83.9602555003549
1345153 1220829 83.9602555003549


1343756 1244766 83.9602555003549
1345153 1243363 83.9602555003549


1371460 1222231 83.9602555003549
1372857 1220829 83.9602555003549


1371460 1244766 83.9602555003549
1372857 1243363 83.9602555003549


1220829 1345153 83.9602555003549
1222231 1343756 83.9602555003549


1220829 1372857 83.9602555003549
1222231 1371460 83.9602555003549


1243363 1345153 83.9602555003549
1244766 1343756 83.9602555003549


1243363 1372857 83.9602555003549
1244766 1371460 83.9602555003549


1345417 1220556 84.2664998436034
1348583 1217381 84.2664998436034


1345417 1243090 84.2664998436034
1348583 1239915 84.2664998436034


1217381 1348583 84.2664998436034
1220556 1345417 84.2664998436034


1239915 1348583 84.2664998436034
1243090 1345417 84.2664998436034


1373121 1220556 84.29777916797
1376287 1217381 84.29777916797


1373121 1243090 84.29777916797
1376287 1239915 84.29777916797


1217381 1376287 84.29777916797
1220556 1373121 84.29777916797


1239915 1376287 84.29777916797
1243090 1373121 84.29777916797


1340478 1249132 84.5303867403315
1342633 1246984 84.5303867403315


1340478 1226597 84.5303867403315
1342633 1224449 84.5303867403315


1368182 1226597 84.5303867403315
1370337 1224449 84.5303867403315


1368182 1249132 84.5303867403315
1370337 1246984 84.5303867403315


1224449 1342633 84.5303867403315
1226597 1340478 84.5303867403315


1224449 1370337 84.5303867403315
1226597 1368182 84.5303867403315


1246984 1370337 84.5303867403315
1249132 1368182 84.5303867403315


1246984 1342633 84.5303867403315
1249132 1340478 84.5303867403315


191800 245070 85.0128252106999
194487 242402 85.0128252106999


242402 194487 85.0128252106999
245070 191800 85.0128252106999


243369 1180306 85.1851851851852
243687 1179994 85.1851851851852


243369 1210000 85.1851851851852
243687 1209688 85.1851851851852


1179994 243687 85.1851851851852
1180306 243369 85.1851851851852


1209688 243687 85.1851851851852
1210000 243369 85.1851851851852


1404741 1294962 85.4073410922113
1405848 1293856 85.4073410922113


1293856 1405848 85.4073410922113
1294962 1404741 85.4073410922113


1557965 250665 85.4534005037783
1559545 249097 85.4534005037783


249097 1559545 85.4534005037783
250665 1557965 85.4534005037783


1266755 182064 85.4679802955665
1267963 180885 85.4679802955665


1502585 245320 85.8724832214765
1505523 242402 85.8724832214765


1532999 245320 85.8724832214765
1535937 242402 85.8724832214765


242402 1535937 85.8724832214765
245320 1532999 85.8724832214765


242402 1505523 85.8724832214765
245320 1502585 85.8724832214765


1390673 250673 85.910878112713
1393708 247631 85.910878112713


247631 1393708 85.910878112713
250673 1390673 85.910878112713


1362969 250673 85.9436435124508
1366004 247631 85.9436435124508


247631 1366004 85.9436435124508
250673 1362969 85.9436435124508


1379581 262851 85.9565344508333
1389784 252645 85.9565344508333


252645 1389784 85.9565344508333
262851 1379581 85.9565344508333


1351877 262851 85.9662800896599
1362080 252645 85.9662800896599


252645 1362080 85.9662800896599
262851 1351877 85.9662800896599


1362969 1231966 86.231647634584
1365995 1228907 86.231647634584


1390673 1231966 86.231647634584
1393699 1228907 86.231647634584


1228907 1365995 86.231647634584
1231966 1362969 86.231647634584


1228907 1393699 86.231647634584
1231966 1390673 86.231647634584


1390673 1254500 86.2597911227154
1393699 1251442 86.2597911227154


1251442 1393699 86.2597911227154
1254500 1390673 86.2597911227154


1362969 1254500 86.2924281984334
1365995 1251442 86.2924281984334


1251442 1365995 86.2924281984334
1254500 1362969 86.2924281984334


180885 1267963 86.346516007533
181911 1266907 86.346516007533


1356396 1239800 86.6047977587113
1362080 1234119 86.6047977587113


1234119 1362080 86.6047977587113
1239800 1356396 86.6047977587113


1384100 1239800 86.6223078270005
1389784 1234119 86.6223078270005


1234119 1389784 86.6223078270005
1239800 1384100 86.6223078270005


1429794 1212370 87.6923076923077
1430053 1212111 87.6923076923077


1429794 1182676 87.6923076923077
1430053 1182417 87.6923076923077


1182417 1430053 87.6923076923077
1182676 1429794 87.6923076923077


1212111 1430053 87.6923076923077
1212370 1429794 87.6923076923077


1297855 121112 87.741935483871
1298007 120961 87.741935483871


1319570 121112 87.741935483871
1319722 120961 87.741935483871


120961 1298007 87.741935483871
121112 1297855 87.741935483871


120961 1319722 87.741935483871
121112 1319570 87.741935483871


1224392 247613 87.8571428571429
1224528 247479 87.8571428571429


1246927 247613 87.8571428571429
1247063 247479 87.8571428571429


247479 1224528 87.8571428571429
247613 1224392 87.8571428571429


247479 1247063 87.8571428571429
247613 1246927 87.8571428571429


1297855 1500370 87.9518072289157
1298014 1500208 87.9518072289157


1297855 1530784 87.9518072289157
1298014 1530622 87.9518072289157


1319570 1500370 87.9518072289157
1319729 1500208 87.9518072289157


1319570 1530784 87.9518072289157
1319729 1530622 87.9518072289157


1500208 1298014 87.9518072289157
1500370 1297855 87.9518072289157


1500208 1319729 87.9518072289157
1500370 1319570 87.9518072289157


1530622 1298014 87.9518072289157
1530784 1297855 87.9518072289157


1530622 1319729 87.9518072289157
1530784 1319570 87.9518072289157


1215895 1196851 88.0780346820809
1217266 1195468 88.0780346820809


1215895 1167157 88.0780346820809
1217266 1165774 88.0780346820809


1165774 1217266 88.0780346820809
1167157 1215895 88.0780346820809


1195468 1217266 88.0780346820809
1196851 1215895 88.0780346820809


1504547 121112 88.125
1504703 120961 88.125


1534961 121112 88.125
1535117 120961 88.125


193511 121112 88.125
193667 120961 88.125


1337438 1252302 88.1670533642691
1338291 1251442 88.1670533642691


1337438 1229767 88.1670533642691
1338291 1228907 88.1670533642691


1228907 1338291 88.1670533642691
1229767 1337438 88.1670533642691


1251442 1338291 88.1670533642691
1252302 1337438 88.1670533642691


1297855 151728 88.2716049382716
1298014 151570 88.2716049382716


1319570 151728 88.2716049382716
1319729 151570 88.2716049382716


151570 1319729 88.2716049382716
151728 1319570 88.2716049382716


151570 1298014 88.2716049382716
151728 1297855 88.2716049382716


1359897 1258839 88.3965280950206
1362080 1256653 88.3965280950206


1387601 1258839 88.3965280950206
1389784 1256653 88.3965280950206


1256653 1389784 88.3965280950206
1258839 1387601 88.3965280950206


1256653 1362080 88.3965280950206
1258839 1359897 88.3965280950206


1228741 243328 88.5714285714286
1228880 243197 88.5714285714286


1251276 243328 88.5714285714286
1251415 243197 88.5714285714286


243197 1228880 88.5714285714286
243328 1228741 88.5714285714286


243197 1251415 88.5714285714286
243328 1251276 88.5714285714286


1504547 151728 88.622754491018
1504710 151570 88.622754491018


1534961 151728 88.622754491018
1535124 151570 88.622754491018


193511 151728 88.622754491018
193674 151570 88.622754491018


1315312 1504710 88.622754491018
1315473 1504547 88.622754491018


1315312 1535124 88.622754491018
1315473 1534961 88.622754491018


1337027 1504710 88.622754491018
1337188 1504547 88.622754491018


1337027 1535124 88.622754491018
1337188 1534961 88.622754491018


1315312 193674 88.622754491018
1315473 193511 88.622754491018


1337027 193674 88.622754491018
1337188 193511 88.622754491018


193511 1315473 88.622754491018
193674 1315312 88.622754491018


193511 1337188 88.622754491018
193674 1337027 88.622754491018


1504547 1315473 88.622754491018
1504710 1315312 88.622754491018


1504547 1337188 88.622754491018
1504710 1337027 88.622754491018


1534961 1337188 88.622754491018
1535124 1337027 88.622754491018


1534961 1315473 88.622754491018
1535124 1315312 88.622754491018


191581 183156 88.7387387387387
191800 182940 88.7387387387387


90833 106241 88.7474541751528
94745 102330 88.7474541751528


102330 94745 88.7474541751528
106241 90833 88.7474541751528


1505779 1245847 88.7537993920973
1506104 1245519 88.7537993920973


1505779 1223312 88.7537993920973
1506104 1222984 88.7537993920973


1536193 1245847 88.7537993920973
1536518 1245519 88.7537993920973


1536193 1223312 88.7537993920973
1536518 1222984 88.7537993920973


194743 1245847 88.7537993920973
195068 1245519 88.7537993920973


194743 1223312 88.7537993920973
195068 1222984 88.7537993920973


1222984 1506104 88.7537993920973
1223312 1505779 88.7537993920973


1222984 1536518 88.7537993920973
1223312 1536193 88.7537993920973


1245519 1506104 88.7537993920973
1245847 1505779 88.7537993920973


1245519 1536518 88.7537993920973
1245847 1536193 88.7537993920973


1222984 195068 88.7537993920973
1223312 194743 88.7537993920973


1245519 195068 88.7537993920973
1245847 194743 88.7537993920973


1500190 1210349 88.8059701492537
1500321 1210220 88.8059701492537


1500190 1180655 88.8059701492537
1500321 1180526 88.8059701492537


1530604 1180655 88.8059701492537
1530735 1180526 88.8059701492537


1530604 1210349 88.8059701492537
1530735 1210220 88.8059701492537


1180526 1500321 88.8059701492537
1180655 1500190 88.8059701492537


1180526 1530735 88.8059701492537
1180655 1530604 88.8059701492537


1210220 1500321 88.8059701492537
1210349 1500190 88.8059701492537


1210220 1530735 88.8059701492537
1210349 1530604 88.8059701492537


1222984 126777 88.8227794305142
1225326 124444 88.8227794305142


1222984 157394 88.8227794305142
1225326 155061 88.8227794305142


1245519 126777 88.8227794305142
1247861 124444 88.8227794305142


1245519 157394 88.8227794305142
1247861 155061 88.8227794305142


124444 1225326 88.8227794305142
126777 1222984 88.8227794305142


124444 1247861 88.8227794305142
126777 1245519 88.8227794305142


155061 1225326 88.8227794305142
157394 1222984 88.8227794305142


155061 1247861 88.8227794305142
157394 1245519 88.8227794305142


83819 99227 88.9171974522293
87730 95320 88.9171974522293


95320 87730 88.9171974522293
99227 83819 88.9171974522293


1500208 1504710 89.2857142857143
1500370 1504547 89.2857142857143


1500208 1535124 89.2857142857143
1500370 1534961 89.2857142857143


1504547 1530784 89.2857142857143
1504710 1530622 89.2857142857143


1504547 1500370 89.2857142857143
1504710 1500208 89.2857142857143


1530622 1535124 89.2857142857143
1530784 1534961 89.2857142857143


1530622 1504710 89.2857142857143
1530784 1504547 89.2857142857143


1534961 1530784 89.2857142857143
1535124 1530622 89.2857142857143


1534961 1500370 89.2857142857143
1535124 1500208 89.2857142857143


193511 1530784 89.2857142857143
193674 1530622 89.2857142857143


193511 1500370 89.2857142857143
193674 1500208 89.2857142857143


1500208 193674 89.2857142857143
1500370 193511 89.2857142857143


1530622 193674 89.2857142857143
1530784 193511 89.2857142857143


151552 1210349 89.3129770992366
151679 1210220 89.3129770992366


151552 1180655 89.3129770992366
151679 1180526 89.3129770992366


1180526 151679 89.3129770992366
1180655 151552 89.3129770992366


1210220 151679 89.3129770992366
1210349 151552 89.3129770992366


190490 182065 89.3827160493827
191698 180884 89.3827160493827


180884 191698 89.3914473684211
182065 190490 89.3914473684211


1315294 1210349 89.5522388059701
1315427 1210217 89.5522388059701


1315294 1180655 89.5522388059701
1315427 1180523 89.5522388059701


1337009 1210349 89.5522388059701
1337142 1210217 89.5522388059701


1337009 1180655 89.5522388059701
1337142 1180523 89.5522388059701


1180523 1315427 89.5522388059701
1180655 1315294 89.5522388059701


1180523 1337142 89.5522388059701
1180655 1337009 89.5522388059701


1210217 1315427 89.5522388059701
1210349 1315294 89.5522388059701


1210217 1337142 89.5522388059701
1210349 1337009 89.5522388059701


1179549 1247861 89.8704358068316
1180384 1247018 89.8704358068316


1179549 1225326 89.8704358068316
1180384 1224483 89.8704358068316


1209243 1225326 89.8704358068316
1210078 1224483 89.8704358068316


1209243 1247861 89.8704358068316
1210078 1247018 89.8704358068316


1224483 1180384 89.8823529411765
1225326 1179549 89.8823529411765


1224483 1210078 89.8823529411765
1225326 1209243 89.8823529411765


1247018 1180384 89.8823529411765
1247861 1179549 89.8823529411765


1247018 1210078 89.8823529411765
1247861 1209243 89.8823529411765


1337438 248493 89.9305555555556
1338300 247631 89.9305555555556


247631 1338300 89.9305555555556
248493 1337438 89.9305555555556


1228267 1206325 90.1960784313726
1228419 1206173 90.1960784313726


1228267 1176631 90.1960784313726
1228419 1176479 90.1960784313726


1250802 1206325 90.1960784313726
1250954 1206173 90.1960784313726


1250802 1176631 90.1960784313726
1250954 1176479 90.1960784313726


1176479 1228419 90.1960784313726
1176631 1228267 90.1960784313726


1176479 1250954 90.1960784313726
1176631 1250802 90.1960784313726


1206173 1228419 90.1960784313726
1206325 1228267 90.1960784313726


1206173 1250954 90.1960784313726
1206325 1250802 90.1960784313726


82649 97458 90.3345724907063
83185 96921 90.3345724907063


96921 83185 90.3345724907063
97458 82649 90.3345724907063


92602 107411 90.5380333951763
93140 106875 90.5380333951763


106875 93140 90.5380333951763
107411 92602 90.5380333951763


1315312 155996 90.5797101449275
1315449 155865 90.5797101449275


1315312 125379 90.5797101449275
1315449 125248 90.5797101449275


1337027 155996 90.5797101449275
1337164 155865 90.5797101449275


1337027 125379 90.5797101449275
1337164 125248 90.5797101449275


125248 1315449 90.5797101449275
125379 1315312 90.5797101449275


125248 1337164 90.5797101449275
125379 1337027 90.5797101449275


155865 1315449 90.5797101449275
155996 1315312 90.5797101449275


155865 1337164 90.5797101449275
155996 1337027 90.5797101449275


1404587 80354 90.8629441624365
1404779 80158 90.8629441624365


80158 1404779 90.8629441624365
80354 1404587 90.8629441624365


1311567 251557 91.0798122065728
1311778 251345 91.0798122065728


1333282 251557 91.0798122065728
1333493 251345 91.0798122065728


251345 1333493 91.0798122065728
251557 1333282 91.0798122065728


251345 1311778 91.0798122065728
251557 1311567 91.0798122065728


191800 1226271 91.2133891213389
194643 1223424 91.2133891213389


191800 1248806 91.2133891213389
194643 1245959 91.2133891213389


1223424 194643 91.2133891213389
1226271 191800 91.2133891213389


1245959 194643 91.2133891213389
1248806 191800 91.2133891213389


1502617 1249024 91.5775834143181
1505679 1245959 91.5775834143181


1502617 1226489 91.5775834143181
1505679 1223424 91.5775834143181


1223424 1505679 91.5775834143181
1226489 1502617 91.5775834143181


1245959 1505679 91.5775834143181
1249024 1502617 91.5775834143181


1533031 1226489 91.609977324263
1536093 1223424 91.609977324263


1533031 1249024 91.609977324263
1536093 1245959 91.609977324263


1223424 1536093 91.609977324263
1226489 1533031 91.609977324263


1245959 1536093 91.609977324263
1249024 1533031 91.609977324263


1527551 250665 91.6361735493988
1531366 246894 91.6361735493988


246894 1531366 91.6361735493988
250665 1527551 91.6361735493988


1429957 1433071 91.645885286783
1433071 1429957 91.645885286783


1430044 1433158 91.6484886257401
1433071 1429957 91.6484886257401


1227661 152730 91.7244567730005
1231984 148492 91.7244567730005


148492 1231984 91.7244567730005
152730 1227661 91.7244567730005


1340537 245337 91.7572463768116
1341638 244236 91.7572463768116


1368241 245337 91.7572463768116
1369342 244236 91.7572463768116


244236 1341638 91.7572463768116
245337 1340537 91.7572463768116


244236 1369342 91.7572463768116
245337 1368241 91.7572463768116


1250196 152730 91.7687861271676
1254518 148492 91.7687861271676


148492 1254518 91.7687861271676
152730 1250196 91.7687861271676


1297855 1315473 91.9753086419753
1298014 1315312 91.9753086419753


1297855 1337188 91.9753086419753
1298014 1337027 91.9753086419753


1315312 1319729 91.9753086419753
1315473 1319570 91.9753086419753


1315312 1298014 91.9753086419753
1315473 1297855 91.9753086419753


1319570 1337188 91.9753086419753
1319729 1337027 91.9753086419753


1319570 1315473 91.9753086419753
1319729 1315312 91.9753086419753


1337027 1319729 91.9753086419753
1337188 1319570 91.9753086419753


1337027 1298014 91.9753086419753
1337188 1297855 91.9753086419753


1228600 1205990 92.0093321668125
1232019 1202598 92.0093321668125


1228600 1176296 92.0093321668125
1232019 1172904 92.0093321668125


1172904 1232019 92.0093321668125
1176296 1228600 92.0093321668125


1202598 1232019 92.0093321668125
1205990 1228600 92.0093321668125


1251135 1176296 92.0653442240373
1254553 1172904 92.0653442240373


1251135 1205990 92.0653442240373
1254553 1202598 92.0653442240373


1172904 1254553 92.0653442240373
1176296 1251135 92.0653442240373


1202598 1254553 92.0653442240373
1205990 1251135 92.0653442240373


252604 1201197 92.1679137110096
262851 1190940 92.1679137110096


1190940 262851 92.1679137110096
1201197 252604 92.1679137110096


252604 1171503 92.2827652424388
260901 1163198 92.2827652424388


1163198 260901 92.2827652424388
1171503 252604 92.2827652424388


1222984 1182086 92.3497267759563
1223349 1181724 92.3497267759563


1222984 1211780 92.3497267759563
1223349 1211418 92.3497267759563


1245519 1211780 92.3497267759563
1245884 1211418 92.3497267759563


1245519 1182086 92.3497267759563
1245884 1181724 92.3497267759563


1181724 1223349 92.3497267759563
1182086 1222984 92.3497267759563


1181724 1245884 92.3497267759563
1182086 1245519 92.3497267759563


1211418 1223349 92.3497267759563
1211780 1222984 92.3497267759563


1211418 1245884 92.3497267759563
1211780 1245519 92.3497267759563


1225436 1179436 92.4255319148936
1226608 1178264 92.4255319148936


1225436 1209130 92.4255319148936
1226608 1207958 92.4255319148936


1247971 1209130 92.4255319148936
1249143 1207958 92.4255319148936


1247971 1179436 92.4255319148936
1249143 1178264 92.4255319148936


1178264 1249143 92.4255319148936
1179436 1247971 92.4255319148936


1178264 1226608 92.4255319148936
1179436 1225436 92.4255319148936


1207958 1249143 92.4255319148936
1209130 1247971 92.4255319148936


1207958 1226608 92.4255319148936
1209130 1225436 92.4255319148936


1312258 250667 92.4347042930051
1315586 247348 92.4347042930051


247348 1315586 92.4347042930051
250667 1312258 92.4347042930051


1333973 250667 92.4647253077154
1337301 247348 92.4647253077154


247348 1337301 92.4647253077154
250667 1333973 92.4647253077154


1228610 1337301 92.8995840760547
1231960 1333973 92.8995840760547


1223441 1298963 92.9060360920971
1225038 1297381 92.9060360920971


1245976 1298963 92.9060360920971
1247573 1297381 92.9060360920971


1297381 1247573 92.910447761194
1298963 1245976 92.910447761194


1297381 1225038 92.910447761194
1298963 1223441 92.910447761194


1333973 1231960 92.9229854296759
1337301 1228610 92.9229854296759


1228610 1315586 92.9292929292929
1231960 1312258 92.9292929292929


1312258 1231960 92.9527207850134
1315586 1228610 92.9527207850134


1251145 1337301 92.9569093610698
1254494 1333973 92.9569093610698


1333973 1254494 92.9803688280785
1337301 1251145 92.9803688280785


1251145 1315586 92.9866270430906
1254494 1312258 92.9866270430906


1227661 122114 92.9925803792251
1228873 120961 92.9925803792251


1250196 122114 92.9925803792251
1251408 120961 92.9925803792251


120961 1251408 92.9925803792251
122114 1250196 92.9925803792251


120961 1228873 92.9925803792251
122114 1227661 92.9925803792251


1312258 1254494 93.0101130279595
1315586 1251145 93.0101130279595


1317523 1226608 93.015332197615
1318695 1225436 93.015332197615


1317523 1249143 93.015332197615
1318695 1247971 93.015332197615


1225436 1318695 93.015332197615
1226608 1317523 93.015332197615


1247971 1318695 93.015332197615
1249143 1317523 93.015332197615


1220737 160196 93.1424766977364
1222234 158696 93.1424766977364


158696 1222234 93.1424766977364
160196 1220737 93.1424766977364


1223441 1320678 93.1962025316456
1225327 1318807 93.1962025316456


1245976 1320678 93.1962025316456
1247862 1318807 93.1962025316456


1318807 1247862 93.1997891407485
1320678 1245976 93.1997891407485


1318807 1225327 93.1997891407485
1320678 1223441 93.1997891407485


1220737 129579 93.2090545938748
1222234 128079 93.2090545938748


1243271 160196 93.2090545938748
1244769 158696 93.2090545938748


1243271 129579 93.2090545938748
1244769 128079 93.2090545938748


128079 1244769 93.2090545938748
129579 1243271 93.2090545938748


128079 1222234 93.2090545938748
129579 1220737 93.2090545938748


158696 1244769 93.2090545938748
160196 1243271 93.2090545938748


1508394 1220603 93.5122282608696
1511324 1217665 93.5122282608696


1538808 1220603 93.5122282608696
1541738 1217665 93.5122282608696


197358 1220603 93.5122282608696
200288 1217665 93.5122282608696


1217665 1541738 93.5122282608696
1220603 1538808 93.5122282608696


1217665 1511324 93.5122282608696
1220603 1508394 93.5122282608696


1217665 200288 93.5122282608696
1220603 197358 93.5122282608696


1307629 1258841 93.5164340387213
1309844 1256621 93.5164340387213


1329344 1258841 93.5164340387213
1331559 1256621 93.5164340387213


1256621 1309844 93.5164340387213
1258841 1307629 93.5164340387213


1256621 1331559 93.5164340387213
1258841 1329344 93.5164340387213


1508394 1243137 93.5801630434783
1511324 1240199 93.5801630434783


1538808 1243137 93.5801630434783
1541738 1240199 93.5801630434783


197358 1243137 93.5801630434783
200288 1240199 93.5801630434783


1240199 1541738 93.5801630434783
1243137 1538808 93.5801630434783


1240199 1511324 93.5801630434783
1243137 1508394 93.5801630434783


1240199 200288 93.5801630434783
1243137 197358 93.5801630434783


120961 125372 93.75
121088 125248 93.75


120961 155989 93.75
121088 155865 93.75


125248 121088 93.75
125372 120961 93.75


155865 121088 93.75
155989 120961 93.75


181949 1267963 93.9855653568565
183188 1266722 93.9855653568565


1266722 183188 93.9855653568565
1267963 181949 93.9855653568565


1234064 1171517 94.0163506696817
1239800 1165774 94.0163506696817


1165774 1239800 94.0163506696817
1171517 1234064 94.0163506696817


125248 151704 94.0740740740741
125379 151570 94.0740740740741


151570 155996 94.0740740740741
151704 155865 94.0740740740741


151570 125379 94.0740740740741
151704 125248 94.0740740740741


155865 151704 94.0740740740741
155996 151570 94.0740740740741


243197 247613 94.0740740740741
243328 247479 94.0740740740741


247479 243328 94.0740740740741
247613 243197 94.0740740740741


185636 1402854 94.0833333333333
188010 1400463 94.0833333333333


1400463 188010 94.0833333333333
1402854 185636 94.0833333333333


1234064 1201211 94.0859279874761
1239800 1195468 94.0859279874761


1195468 1239800 94.0859279874761
1201211 1234064 94.0859279874761


1224392 1228880 94.2857142857143
1224528 1228741 94.2857142857143


1224392 1251415 94.2857142857143
1224528 1251276 94.2857142857143


1228741 1247063 94.2857142857143
1228880 1246927 94.2857142857143


1228741 1224528 94.2857142857143
1228880 1224392 94.2857142857143


1246927 1251415 94.2857142857143
1247063 1251276 94.2857142857143


1246927 1228880 94.2857142857143
1247063 1228741 94.2857142857143


1251276 1247063 94.2857142857143
1251415 1246927 94.2857142857143


1251276 1224528 94.2857142857143
1251415 1224392 94.2857142857143


242665 1181164 94.8170731707317
243315 1180517 94.8170731707317


242665 1210858 94.8170731707317
243315 1210211 94.8170731707317


1180517 243315 94.8170731707317
1181164 242665 94.8170731707317


1210211 243315 94.8170731707317
1210858 242665 94.8170731707317


1225436 154948 94.876660341556
1226489 153895 94.876660341556


1225436 124331 94.876660341556
1226489 123278 94.876660341556


1247971 124331 94.876660341556
1249024 123278 94.876660341556


1247971 154948 94.876660341556
1249024 153895 94.876660341556


123278 1249024 94.876660341556
124331 1247971 94.876660341556


123278 1226489 94.876660341556
124331 1225436 94.876660341556


153895 1249024 94.876660341556
154948 1247971 94.876660341556


153895 1226489 94.876660341556
154948 1225436 94.876660341556


1499379 248435 94.9904882688649
1500952 246894 94.9904882688649


246894 1500952 94.9904882688649
248435 1499379 94.9904882688649


244045 1209323 94.9960906958561
245320 1208045 94.9960906958561


244045 1179629 94.9960906958561
245320 1178351 94.9960906958561


1178351 245320 94.9960906958561
1179629 244045 94.9960906958561


1208045 245320 94.9960906958561
1209323 244045 94.9960906958561


1317610 245320 95.2306489444879
1318888 244045 95.2306489444879


244045 1318888 95.2306489444879
245320 1317610 95.2306489444879


247338 1205990 95.3571428571429
250691 1202633 95.3571428571429


247338 1176296 95.3571428571429
250691 1172939 95.3571428571429


1172939 250691 95.3571428571429
1176296 247338 95.3571428571429


1202633 250691 95.3571428571429
1205990 247338 95.3571428571429


1217262 163668 95.7860615883306
1220344 160587 95.7860615883306


160587 1220344 95.7860615883306
163668 1217262 95.7860615883306


1217262 133051 95.8508914100486
1220344 129970 95.8508914100486


1239796 163668 95.8508914100486
1242878 160587 95.8508914100486


129970 1220344 95.8508914100486
133051 1217262 95.8508914100486


160587 1242878 95.8508914100486
163668 1239796 95.8508914100486


1239796 133051 95.9157212317666
1242878 129970 95.9157212317666


129970 1242878 95.9157212317666
133051 1239796 95.9157212317666


1220821 1184195 96.1511546536039
1222241 1182768 96.1511546536039


1220821 1213889 96.1511546536039
1222241 1212462 96.1511546536039


1243355 1213889 96.1511546536039
1244776 1212462 96.1511546536039


1182768 1222241 96.1511546536039
1184195 1220821 96.1511546536039


1212462 1244776 96.1511546536039
1213889 1243355 96.1511546536039


1212462 1222241 96.1511546536039
1213889 1220821 96.1511546536039


1338323 1342701 96.1832061068702
1338453 1342572 96.1832061068702


1338323 1370405 96.1832061068702
1338453 1370276 96.1832061068702


1342572 1393861 96.1832061068702
1342701 1393731 96.1832061068702


1342572 1366157 96.1832061068702
1342701 1366027 96.1832061068702


1342572 1338453 96.1832061068702
1342701 1338323 96.1832061068702


1366027 1370405 96.1832061068702
1366157 1370276 96.1832061068702


1366027 1342701 96.1832061068702
1366157 1342572 96.1832061068702


1370276 1366157 96.1832061068702
1370405 1366027 96.1832061068702


1370276 1338453 96.1832061068702
1370405 1338323 96.1832061068702


1370276 1393861 96.1832061068702
1370405 1393731 96.1832061068702


1393731 1342701 96.1832061068702
1393861 1342572 96.1832061068702


1393731 1370405 96.1832061068702
1393861 1370276 96.1832061068702


1216978 171765 96.1937716262976
1217266 171477 96.1937716262976


1239512 171765 96.1937716262976
1239800 171477 96.1937716262976


171477 1239800 96.1937716262976
171765 1239512 96.1937716262976


171477 1217266 96.1937716262976
171765 1216978 96.1937716262976


1243355 1184195 96.221133659902
1244776 1182768 96.221133659902


1182768 1244776 96.221133659902
1184195 1243355 96.221133659902


1506765 1222241 96.3380281690141
1508181 1220824 96.3380281690141


1537179 1222241 96.3380281690141
1538595 1220824 96.3380281690141


195729 1222241 96.3380281690141
197145 1220824 96.3380281690141


1220824 1508181 96.3380281690141
1222241 1506765 96.3380281690141


1220824 1538595 96.3380281690141
1222241 1537179 96.3380281690141


1220824 197145 96.3380281690141
1222241 195729 96.3380281690141


1506765 1244776 96.4084507042254
1508181 1243358 96.4084507042254


1537179 1244776 96.4084507042254
1538595 1243358 96.4084507042254


195729 1244776 96.4084507042254
197145 1243358 96.4084507042254


1243358 1538595 96.4084507042254
1244776 1537179 96.4084507042254


1243358 1508181 96.4084507042254
1244776 1506765 96.4084507042254


1243358 197145 96.4084507042254
1244776 195729 96.4084507042254


211939 1258841 96.5038099506948
214157 1256621 96.5038099506948


1256621 214157 96.5038099506948
1258841 211939 96.5038099506948


203919 262851 96.7952464445743
214157 252612 96.7952464445743


252612 214157 96.7952464445743
262851 203919 96.7952464445743


1323857 260319 96.825191136452
1331559 252612 96.825191136452


252612 1331559 96.825191136452
260319 1323857 96.825191136452


1256598 1171517 96.8360071301248
1258841 1169277 96.8360071301248


1169277 1258841 96.8360071301248
1171517 1256598 96.8360071301248


1302142 260319 96.8381495399767
1309844 252612 96.8381495399767


252612 1309844 96.8381495399767
260319 1302142 96.8381495399767


1304135 1239800 96.9198459922996
1309844 1234087 96.9198459922996


1325850 1239800 96.9198459922996
1331559 1234087 96.9198459922996


1234087 1309844 96.9198459922996
1239800 1304135 96.9198459922996


1234087 1331559 96.9198459922996
1239800 1325850 96.9198459922996


1256598 1201211 96.9251336898396
1258841 1198971 96.9251336898396


1198971 1258841 96.9251336898396
1201211 1256598 96.9251336898396


1514955 262851 97.0066302652106
1525190 252612 97.0066302652106


252612 1525190 97.0066302652106
262851 1514955 97.0066302652106


1545369 262851 97.0261310452418
1555604 252612 97.0261310452418


252612 1555604 97.0261310452418
262851 1545369 97.0261310452418


242402 156806 97.0342205323194
243699 155494 97.0342205323194


242402 126189 97.0342205323194
243699 124877 97.0342205323194


124877 243699 97.0342205323194
126189 242402 97.0342205323194


155494 243699 97.0342205323194
156806 242402 97.0342205323194


1217262 1187747 97.2010952236082
1220546 1184462 97.2010952236082


1184462 1220546 97.2010952236082
1187747 1217262 97.2010952236082


1239796 1187747 97.2619409796167
1243080 1184462 97.2619409796167


1184462 1243080 97.2619409796167
1187747 1239796 97.2619409796167


1218806 1215895 97.3004020677771
1220546 1214156 97.3004020677771


1214156 1220546 97.3004020677771
1215895 1218806 97.3004020677771


1256621 146571 97.3447344734473
1258841 144354 97.3447344734473


144354 1258841 97.3447344734473
146571 1256621 97.3447344734473


1241340 1215895 97.4152785755313
1243080 1214156 97.4152785755313


1214156 1243080 97.4152785755313
1215895 1241340 97.4152785755313


1557965 1231958 97.4795211090107
1559545 1230372 97.4795211090107


1557965 1254492 97.4795211090107
1559545 1252906 97.4795211090107


1230372 1559545 97.4795211090107
1231958 1557965 97.4795211090107


1252906 1559545 97.4795211090107
1254492 1557965 97.4795211090107


1299563 1223062 97.7078651685393
1301784 1220841 97.7078651685393


1321278 1223062 97.7078651685393
1323499 1220841 97.7078651685393


1220841 1323499 97.7078651685393
1223062 1321278 97.7078651685393


1220841 1301784 97.7078651685393
1223062 1299563 97.7078651685393


1299563 1245597 97.752808988764
1301784 1243375 97.752808988764


1321278 1245597 97.752808988764
1323499 1243375 97.752808988764


1243375 1323499 97.752808988764
1245597 1321278 97.752808988764


1243375 1301784 97.752808988764
1245597 1299563 97.752808988764


1234087 146571 97.7952755905512
1239800 140860 97.7952755905512


140860 1239800 97.7952755905512
146571 1234087 97.7952755905512


1522975 1258841 98.0189104007204
1525190 1256621 98.0189104007204


1553389 1258841 98.0189104007204
1555604 1256621 98.0189104007204


1256621 1555604 98.0189104007204
1258841 1553389 98.0189104007204


1256621 1525190 98.0189104007204
1258841 1522975 98.0189104007204


1215895 142231 98.1778425655977
1217266 140860 98.1778425655977


140860 1217266 98.1778425655977
142231 1215895 98.1778425655977


1527551 1231958 98.2394366197183
1531234 1228267 98.2394366197183


1228267 1531234 98.2394366197183
1231958 1527551 98.2394366197183


1527551 1254492 98.2931454890274
1531234 1250802 98.2931454890274


1250802 1531234 98.2931454890274
1254492 1527551 98.2931454890274


1499379 1252244 98.4060984060984
1500820 1250802 98.4060984060984


1499379 1229709 98.4060984060984
1500820 1228267 98.4060984060984


1228267 1500820 98.4060984060984
1229709 1499379 98.4060984060984


1250802 1500820 98.4060984060984
1252244 1499379 98.4060984060984


208445 1239800 98.4276729559748
214157 1234087 98.4276729559748


1234087 214157 98.4276729559748
1239800 208445 98.4276729559748


1422738 1440377 98.6187050359712
1433158 1430044 98.6187050359712


258034 171765 98.7144930541157
262851 166956 98.7144930541157


166956 262851 98.7144930541157
171765 258034 98.7144930541157


1549895 1239800 98.8099404970249
1555604 1234087 98.8099404970249


1234087 1555604 98.8099404970249
1239800 1549895 98.8099404970249


1304135 1217266 98.8338192419825
1305506 1215895 98.8338192419825


1325850 1217266 98.8338192419825
1327221 1215895 98.8338192419825


1215895 1327221 98.8338192419825
1217266 1325850 98.8338192419825


1215895 1305506 98.8338192419825
1217266 1304135 98.8338192419825


1519481 1239800 98.8449422471124
1525190 1234087 98.8449422471124


1234087 1525190 98.8449422471124
1239800 1519481 98.8449422471124


46930 47064 99.2592592592593
47064 46930 99.2592592592593


244045 124524 99.2987377279102
247606 120961 99.2987377279102


120961 247606 99.2987377279102
124524 244045 99.2987377279102


244045 155141 99.4208596780192
262851 136339 99.4208596780192


136339 262851 99.4208596780192
155141 244045 99.4208596780192


1301786 261026 99.438202247191
1302141 260671 99.438202247191


1323501 261026 99.438202247191
1323856 260671 99.438202247191


260671 1302141 99.438202247191
261026 1301786 99.438202247191


260671 1323856 99.438202247191
261026 1323501 99.438202247191


1549895 1217266 99.4897959183673
1551266 1215895 99.4897959183673


1215895 1551266 99.4897959183673
1217266 1549895 99.4897959183673


1519481 1217266 99.5626822157434
1520852 1215895 99.5626822157434


208445 1217266 99.5626822157434
209816 1215895 99.5626822157434


1215895 1520852 99.5626822157434
1217266 1519481 99.5626822157434


1215895 209816 99.5626822157434
1217266 208445 99.5626822157434


46635 47636 99.6
46884 47387 99.6


47387 46884 99.6
47636 46635 99.6


1579515 227160 99.6643732169827
1591420 215255 99.6643732169827


1579515 227160 99.6643732169827
1591420 215255 99.6643732169827


215255 1591420 99.6643732169827
227160 1579515 99.6643732169827


215255 1591420 99.6643732169827
227160 1579515 99.6643732169827


81122 108938 99.7268348788728
108938 81122 99.7268348788728


1579515 29896 99.8406056983463
1599579 9832 99.8406056983463


1579515 29896 99.8406056983463
1599579 9832 99.8406056983463


9832 1599579 99.8406056983463
29896 1579515 99.8406056983463


9832 1599579 99.8406056983463
29896 1579515 99.8406056983463


1394646 1408669 99.8716669043205
1408669 1394646 99.8716669043205


1564269 242402 99.8821493021029
1591420 215255 99.8821493021029


215255 1591420 99.8821493021029
242402 1564269 99.8821493021029


1562770 46635 99.892802778552
1609410 1 99.892802778552


1 1609410 99.892802778552
46635 1562770 99.892802778552


181846 191800 99.8995580554439
191800 181846 99.8995580554439


1415419 1447696 99.9256505576208
