#-- forward hits sorted by %sim
0 0 0
0 0 0


1342573 1210219 79.2993630573248
1343197 1210828 79.2993630573248


1342573 1180525 79.2993630573248
1343197 1181134 79.2993630573248


1370277 1180525 79.2993630573248
1370901 1181134 79.2993630573248


1370277 1210219 79.2993630573248
1370901 1210828 79.2993630573248


1180525 1342573 79.2993630573248
1181134 1343197 79.2993630573248


1180525 1370277 79.2993630573248
1181134 1370901 79.2993630573248


1210219 1370277 79.2993630573248
1210828 1370901 79.2993630573248


1210219 1342573 79.2993630573248
1210828 1343197 79.2993630573248


1297993 1210310 80.0738007380074
1298533 1210844 80.0738007380074


1297993 1180616 80.0738007380074
1298533 1181150 80.0738007380074


1319708 1180616 80.0738007380074
1320248 1181150 80.0738007380074


1319708 1210310 80.0738007380074
1320248 1210844 80.0738007380074


1180616 1297993 80.0738007380074
1181150 1298533 80.0738007380074


1180616 1319708 80.0738007380074
1181150 1320248 80.0738007380074


1210310 1319708 80.0738007380074
1210844 1320248 80.0738007380074


1210310 1297993 80.0738007380074
1210844 1298533 80.0738007380074


1310586 146650 80.2980132450331
1311181 147241 80.2980132450331


1332301 146650 80.2980132450331
1332896 147241 80.2980132450331


146650 1332301 80.2980132450331
147241 1332896 80.2980132450331


146650 1310586 80.2980132450331
147241 1311181 80.2980132450331


1556346 146650 81.6964285714286
1557012 147304 81.6964285714286


146650 1556346 81.6964285714286
147304 1557012 81.6964285714286


1525932 146650 81.8452380952381
1526598 147304 81.8452380952381


146650 1525932 81.8452380952381
147304 1526598 81.8452380952381


1339103 121804 82.0121951219512
1339427 122129 82.0121951219512


1339103 152420 82.0121951219512
1339427 152745 82.0121951219512


1366807 152420 82.0121951219512
1367131 152745 82.0121951219512


1366807 121804 82.0121951219512
1367131 122129 82.0121951219512


121804 1339103 82.0121951219512
122129 1339427 82.0121951219512


121804 1366807 82.0121951219512
122129 1367131 82.0121951219512


152420 1366807 82.0121951219512
152745 1367131 82.0121951219512


152420 1339103 82.0121951219512
152745 1339427 82.0121951219512


102452 62374 82.2340425531915
103382 63308 82.2340425531915


62374 102452 82.2340425531915
63308 103382 82.2340425531915


1456360 1457825 82.5234441602728
1457526 1458991 82.5234441602728


1456360 1484362 82.5234441602728
1457526 1485528 82.5234441602728


1457825 1482897 82.5234441602728
1458991 1484063 82.5234441602728


1457825 1456360 82.5234441602728
1458991 1457526 82.5234441602728


1482897 1457825 82.5234441602728
1484063 1458991 82.5234441602728


1482897 1484362 82.5234441602728
1484063 1485528 82.5234441602728


1484362 1482897 82.5234441602728
1485528 1484063 82.5234441602728


1484362 1456360 82.5234441602728
1485528 1457526 82.5234441602728


1240902 75772 83.0757910228109
1242239 77106 83.0757910228109


75772 1240902 83.0757910228109
77106 1242239 83.0757910228109


1218368 75772 83.149374540103
1219705 77106 83.149374540103


75772 1218368 83.149374540103
77106 1219705 83.149374540103


1345706 1539144 83.1841277522381
1349804 1543249 83.1841277522381


1345706 1508730 83.1841277522381
1349804 1512835 83.1841277522381


1345706 197694 83.1841277522381
1349804 201799 83.1841277522381


1508730 1345706 83.1841277522381
1512835 1349804 83.1841277522381


1539144 1345706 83.1841277522381
1543249 1349804 83.1841277522381


197694 1345706 83.1841277522381
201799 1349804 83.1841277522381


1340537 153846 83.2282003710575
1343197 156499 83.2282003710575


1340537 123229 83.2282003710575
1343197 125882 83.2282003710575


1368241 123229 83.2282003710575
1370901 125882 83.2282003710575


1368241 153846 83.2282003710575
1370901 156499 83.2282003710575


1373410 1539144 83.2325187515122
1377508 1543249 83.2325187515122


1373410 1508730 83.2325187515122
1377508 1512835 83.2325187515122


1373410 197694 83.2325187515122
1377508 201799 83.2325187515122


1508730 1373410 83.2325187515122
1512835 1377508 83.2325187515122


1539144 1373410 83.2325187515122
1543249 1377508 83.2325187515122


197694 1373410 83.2325187515122
201799 1377508 83.2325187515122


123229 1368241 83.2344213649852
125882 1370901 83.2344213649852


123229 1340537 83.2344213649852
125882 1343197 83.2344213649852


153846 1340537 83.2344213649852
156499 1343197 83.2344213649852


153846 1368241 83.2344213649852
156499 1370901 83.2344213649852


1406100 1224866 83.2618025751073
1406564 1225327 83.2618025751073


1406100 1247401 83.2618025751073
1406564 1247862 83.2618025751073


1224866 1406100 83.2618025751073
1225327 1406564 83.2618025751073


1247401 1406100 83.2618025751073
1247862 1406564 83.2618025751073


121410 1176479 83.5329341317365
121735 1176804 83.5329341317365


121410 1206173 83.5329341317365
121735 1206498 83.5329341317365


152026 1176479 83.5329341317365
152351 1176804 83.5329341317365


152026 1206173 83.5329341317365
152351 1206498 83.5329341317365


1176479 121410 83.5329341317365
1176804 121735 83.5329341317365


1176479 152026 83.5329341317365
1176804 152351 83.5329341317365


1206173 121410 83.5329341317365
1206498 121735 83.5329341317365


1206173 152026 83.5329341317365
1206498 152351 83.5329341317365


184140 74131 83.6134453781513
184589 74604 83.6134453781513


74131 184140 83.6134453781513
74604 184589 83.6134453781513


1345427 1184462 83.6647085404428
1349812 1188865 83.6647085404428


1184462 1345427 83.6647085404428
1188865 1349812 83.6647085404428


1373131 1184462 83.709896068685
1377516 1188865 83.709896068685


1184462 1373131 83.709896068685
1188865 1377516 83.709896068685


1318780 1396722 83.7662337662338
1319234 1397182 83.7662337662338


1396722 1318780 83.7662337662338
1397182 1319234 83.7662337662338


1362977 1557965 83.7752525252525
1364539 1559545 83.7752525252525


1390681 1557965 83.7752525252525
1392243 1559545 83.7752525252525


1557965 1362977 83.7752525252525
1559545 1364539 83.7752525252525


1557965 1390681 83.7752525252525
1559545 1392243 83.7752525252525


1430489 68030 83.8095238095238
1430801 68342 83.8095238095238


68030 1430489 83.8095238095238
68342 1430801 83.8095238095238


184603 93666 83.843717001056
185546 94611 83.843717001056


93666 184603 83.843717001056
94611 185546 83.843717001056


1340804 191800 83.9135654261705
1342464 193457 83.9135654261705


1368508 191800 83.9135654261705
1370168 193457 83.9135654261705


191800 1340804 83.9135654261705
193457 1342464 83.9135654261705


191800 1368508 83.9135654261705
193457 1370168 83.9135654261705


184603 86651 83.9153439153439
185546 87594 83.9153439153439


188100 102466 83.9153439153439
189043 103409 83.9153439153439


188100 95454 83.9153439153439
189043 96395 83.9153439153439


86651 184603 83.9153439153439
87594 185546 83.9153439153439


95454 188100 83.9153439153439
96395 189043 83.9153439153439


102466 188100 83.9153439153439
103409 189043 83.9153439153439


1343756 1537189 84.060042887777
1345144 1538582 84.060042887777


1343756 1506775 84.060042887777
1345144 1508168 84.060042887777


1371460 1506775 84.060042887777
1372848 1508168 84.060042887777


1371460 1537189 84.060042887777
1372848 1538582 84.060042887777


1343756 195739 84.060042887777
1345144 197132 84.060042887777


1371460 195739 84.060042887777
1372848 197132 84.060042887777


1506775 1371460 84.060042887777
1508168 1372848 84.060042887777


1506775 1343756 84.060042887777
1508168 1345144 84.060042887777


1537189 1371460 84.060042887777
1538582 1372848 84.060042887777


1537189 1343756 84.060042887777
1538582 1345144 84.060042887777


195739 1371460 84.060042887777
197132 1372848 84.060042887777


195739 1343756 84.060042887777
197132 1345144 84.060042887777


1343756 1182778 84.0732910500352
1345158 1184193 84.0732910500352


1371460 1182778 84.0732910500352
1372862 1184193 84.0732910500352


1182778 1343756 84.0732910500352
1184193 1345158 84.0732910500352


1182778 1371460 84.0732910500352
1184193 1372862 84.0732910500352


1343756 1212472 84.1437632135306
1345158 1213887 84.1437632135306


1371460 1212472 84.1437632135306
1372862 1213887 84.1437632135306


1212472 1371460 84.1437632135306
1213887 1372862 84.1437632135306


1212472 1343756 84.1437632135306
1213887 1345158 84.1437632135306


1343756 1300392 84.2744817726948
1345142 1301785 84.2744817726948


1343756 1322107 84.2744817726948
1345142 1323500 84.2744817726948


1371460 1300392 84.2744817726948
1372846 1301785 84.2744817726948


1371460 1322107 84.2744817726948
1372846 1323500 84.2744817726948


1300392 1371460 84.2744817726948
1301785 1372846 84.2744817726948


1300392 1343756 84.2744817726948
1301785 1345142 84.2744817726948


1322107 1343756 84.2744817726948
1323500 1345142 84.2744817726948


1322107 1371460 84.2744817726948
1323500 1372846 84.2744817726948


1394317 1316002 84.4036697247707
1394639 1316324 84.4036697247707


1316002 1394317 84.4036697247707
1316324 1394639 84.4036697247707


193558 1180527 84.5697329376855
194222 1181176 84.5697329376855


193558 1210221 84.5697329376855
194222 1210870 84.5697329376855


1504594 1210221 84.5697329376855
1505258 1210870 84.5697329376855


1504594 1180527 84.5697329376855
1505258 1181176 84.5697329376855


1535008 1210221 84.5697329376855
1535672 1210870 84.5697329376855


1535008 1180527 84.5697329376855
1535672 1181176 84.5697329376855


1180527 1504594 84.5697329376855
1181176 1505258 84.5697329376855


1180527 1535008 84.5697329376855
1181176 1535672 84.5697329376855


1210221 1504594 84.5697329376855
1210870 1505258 84.5697329376855


1210221 1535008 84.5697329376855
1210870 1535672 84.5697329376855


1180527 193558 84.5697329376855
1181176 194222 84.5697329376855


1210221 193558 84.5697329376855
1210870 194222 84.5697329376855


1343756 158699 84.8056537102474
1345160 160111 84.8056537102474


1343756 128082 84.8056537102474
1345160 129494 84.8056537102474


1371460 128082 84.8056537102474
1372864 129494 84.8056537102474


1371460 158699 84.8056537102474
1372864 160111 84.8056537102474


128082 1343756 84.8056537102474
129494 1345160 84.8056537102474


128082 1371460 84.8056537102474
129494 1372864 84.8056537102474


158699 1371460 84.8056537102474
160111 1372864 84.8056537102474


158699 1343756 84.8056537102474
160111 1345160 84.8056537102474


1345683 160637 84.8888888888889
1348583 163549 84.8888888888889


1345683 130020 84.8888888888889
1348583 132932 84.8888888888889


130020 1345683 84.8888888888889
132932 1348583 84.8888888888889


160637 1345683 84.8888888888889
163549 1348583 84.8888888888889


1373387 160637 84.9230769230769
1376287 163549 84.9230769230769


1373387 130020 84.9230769230769
1376287 132932 84.9230769230769


130020 1373387 84.9230769230769
132932 1376287 84.9230769230769


160637 1373387 84.9230769230769
163549 1376287 84.9230769230769


1397468 1293856 85.3178155774396
1398575 1294962 85.3178155774396


1293856 1397468 85.3178155774396
1294962 1398575 85.3178155774396


1340547 1532992 85.3430353430353
1342464 1534907 85.3430353430353


1340547 1502578 85.3430353430353
1342464 1504493 85.3430353430353


1368251 1532992 85.3430353430353
1370168 1534907 85.3430353430353


1368251 1502578 85.3430353430353
1370168 1504493 85.3430353430353


1502578 1340547 85.3430353430353
1504493 1342464 85.3430353430353


1502578 1368251 85.3430353430353
1504493 1370168 85.3430353430353


1532992 1368251 85.3430353430353
1534907 1370168 85.3430353430353


1532992 1340547 85.3430353430353
1534907 1342464 85.3430353430353


1557965 148518 85.4534005037783
1559545 150086 85.4534005037783


148518 1557965 85.4534005037783
150086 1559545 85.4534005037783


1345427 1214156 85.6569133677567
1347162 1215889 85.6569133677567


1214156 1345427 85.6569133677567
1215889 1347162 85.6569133677567


1500982 1176793 85.6716417910448
1501316 1177126 85.6716417910448


1500982 1206487 85.6716417910448
1501316 1206820 85.6716417910448


1531396 1176793 85.6716417910448
1531730 1177126 85.6716417910448


1531396 1206487 85.6716417910448
1531730 1206820 85.6716417910448


1176793 1531396 85.6716417910448
1177126 1531730 85.6716417910448


1176793 1500982 85.6716417910448
1177126 1501316 85.6716417910448


1206487 1500982 85.6716417910448
1206820 1501316 85.6716417910448


1206487 1531396 85.6716417910448
1206820 1531730 85.6716417910448


1373131 1214156 85.7142857142857
1374866 1215889 85.7142857142857


1214156 1373131 85.7142857142857
1215889 1374866 85.7142857142857


1390702 1333996 85.7851239669422
1393708 1337009 85.7851239669422


1333996 1390702 85.7851239669422
1337009 1393708 85.7851239669422


1362998 1333996 85.8181818181818
1366004 1337009 85.8181818181818


1390702 1312281 85.8181818181818
1393708 1315294 85.8181818181818


1312281 1390702 85.8181818181818
1315294 1393708 85.8181818181818


1333996 1362998 85.8181818181818
1337009 1366004 85.8181818181818


1390681 1527551 85.8360655737705
1393699 1530595 85.8360655737705


1527551 1390681 85.8360655737705
1530595 1393699 85.8360655737705


1362998 1312281 85.8512396694215
1366004 1315294 85.8512396694215


1312281 1362998 85.8512396694215
1315294 1366004 85.8512396694215


1362977 1527551 85.8688524590164
1365995 1530595 85.8688524590164


1527551 1362977 85.8688524590164
1530595 1365995 85.8688524590164


1390673 148510 85.9436435124508
1393708 151552 85.9436435124508


148510 1390673 85.9436435124508
151552 1393708 85.9436435124508


1362969 148510 85.9764089121887
1366004 151552 85.9764089121887


148510 1362969 85.9764089121887
151552 1366004 85.9764089121887


1390673 1202651 86.0052562417871
1393699 1205686 86.0052562417871


1390673 1172957 86.0052562417871
1393699 1175992 86.0052562417871


1172957 1390673 86.0052562417871
1175992 1393699 86.0052562417871


1202651 1390673 86.0052562417871
1205686 1393699 86.0052562417871


1362969 1172957 86.0381077529566
1365995 1175992 86.0381077529566


1362969 1202651 86.0381077529566
1365995 1205686 86.0381077529566


1172957 1362969 86.0381077529566
1175992 1365995 86.0381077529566


1202651 1362969 86.0381077529566
1205686 1365995 86.0381077529566


318804 318870 86.0759493670886
319086 319185 86.0759493670886


318870 318804 86.0759493670886
319185 319086 86.0759493670886


1381532 1163198 86.079305773171
1389784 1171462 86.079305773171


1163198 1381532 86.079305773171
1171462 1389784 86.079305773171


1353828 1163198 86.1275159696276
1362080 1171462 86.1275159696276


1163198 1353828 86.1275159696276
1171462 1362080 86.1275159696276


1378300 165666 86.2187346738597
1384388 171765 86.2187346738597


165666 1378300 86.2187346738597
171765 1384388 86.2187346738597


202720 1350687 86.2294795668879
214117 1362073 86.2294795668879


1350687 202720 86.2306819174016
1362073 214117 86.2306819174016


202720 1378391 86.2382116660845
214117 1389777 86.2382116660845


1378391 202720 86.2394132541692
1389777 214117 86.2394132541692


1557965 1172965 86.2523540489642
1559545 1174534 86.2523540489642


1557965 1202659 86.2523540489642
1559545 1204228 86.2523540489642


1172965 1557965 86.2523540489642
1174534 1559545 86.2523540489642


1202659 1557965 86.2523540489642
1204228 1559545 86.2523540489642


1350596 165666 86.2841262056564
1356684 171765 86.2841262056564


165666 1350596 86.2841262056564
171765 1356684 86.2841262056564


126418 1181727 86.3166953528399
127576 1182819 86.3166953528399


126418 1211421 86.3166953528399
127576 1212513 86.3166953528399


157035 1211421 86.3166953528399
158193 1212513 86.3166953528399


157035 1181727 86.3166953528399
158193 1182819 86.3166953528399


1181727 126418 86.3166953528399
1182819 127576 86.3166953528399


1181727 157035 86.3166953528399
1182819 158193 86.3166953528399


1211421 126418 86.3166953528399
1212513 127576 86.3166953528399


1211421 157035 86.3166953528399
1212513 158193 86.3166953528399


48899 49937 86.3247863247863
49117 50161 86.3247863247863


49937 48899 86.3247863247863
50161 49117 86.3247863247863


1350687 1513756 86.4005590007861
1362080 1525158 86.4005590007861


1350687 1544170 86.4005590007861
1362080 1555572 86.4005590007861


1513756 1350687 86.4005590007861
1525158 1362080 86.4005590007861


1544170 1350687 86.4005590007861
1555572 1362080 86.4005590007861


1378391 1544170 86.4092933880688
1389784 1555572 86.4092933880688


1378391 1513756 86.4092933880688
1389784 1525158 86.4092933880688


1513756 1378391 86.4092933880688
1525158 1389784 86.4092933880688


1544170 1378391 86.4092933880688
1555572 1389784 86.4092933880688


1350596 135049 86.5106198526225
1362080 146538 86.5106198526225


135049 1350596 86.5106198526225
146538 1362080 86.5106198526225


1378300 135049 86.5192891200694
1389784 146538 86.5192891200694


135049 1378300 86.5192891200694
146538 1389784 86.5192891200694


1350645 1189699 86.6359447004608
1362080 1201156 86.6359447004608


1189699 1350645 86.6359447004608
1201156 1362080 86.6359447004608


1223580 242402 86.6416125725999
1226489 245288 86.6416125725999


1246115 242402 86.6416125725999
1249024 245288 86.6416125725999


242402 1223580 86.6416125725999
245288 1226489 86.6416125725999


242402 1246115 86.6416125725999
245288 1249024 86.6416125725999


1378349 1189699 86.6446395965568
1389784 1201156 86.6446395965568


1189699 1378349 86.6446395965568
1201156 1389784 86.6446395965568


1297381 124732 86.6583541147132
1298961 126326 86.6583541147132


1297381 155349 86.6583541147132
1298961 156943 86.6583541147132


124732 1297381 86.6583541147132
126326 1298961 86.6583541147132


155349 1297381 86.6583541147132
156943 1298961 86.6583541147132


1339006 1176854 86.7132867132867
1339433 1177280 86.7132867132867


1339006 1206548 86.7132867132867
1339433 1206974 86.7132867132867


1366710 1206548 86.7132867132867
1367137 1206974 86.7132867132867


1366710 1176854 86.7132867132867
1367137 1177280 86.7132867132867


1176854 1339006 86.7132867132867
1177280 1339433 86.7132867132867


1176854 1366710 86.7132867132867
1177280 1367137 86.7132867132867


1206548 1339006 86.7132867132867
1206974 1339433 86.7132867132867


1206548 1366710 86.7132867132867
1206974 1367137 86.7132867132867


1354407 1323857 86.8882253667402
1362080 1331527 86.8882253667402


1354407 1302142 86.8882253667402
1362080 1309812 86.8882253667402


1302142 1354407 86.8882253667402
1309812 1362080 86.8882253667402


1323857 1354407 86.8882253667402
1331527 1362080 86.8882253667402


1382111 1302142 86.9012073218227
1389784 1309812 86.9012073218227


1382111 1323857 86.9012073218227
1389784 1331527 86.9012073218227


1302142 1382111 86.9012073218227
1309812 1389784 86.9012073218227


1323857 1382111 86.9012073218227
1331527 1389784 86.9012073218227


1338909 1316002 87.1268656716418
1339440 1316533 87.1268656716418


1366613 1316002 87.1268656716418
1367144 1316533 87.1268656716418


1316002 1338909 87.1268656716418
1316533 1339440 87.1268656716418


1316002 1366613 87.1268656716418
1316533 1367144 87.1268656716418


47909 48899 87.3536299765808
48329 49307 87.3536299765808


48899 47909 87.3536299765808
49307 48329 87.3536299765808


1433062 1182417 87.6923076923077
1433321 1182676 87.6923076923077


1433062 1212111 87.6923076923077
1433321 1212370 87.6923076923077


1182417 1433062 87.6923076923077
1182676 1433321 87.6923076923077


1212111 1433062 87.6923076923077
1212370 1433321 87.6923076923077


1224392 151570 87.8571428571429
1224528 151704 87.8571428571429


1246927 151570 87.8571428571429
1247063 151704 87.8571428571429


151570 1224392 87.8571428571429
151704 1224528 87.8571428571429


151570 1246927 87.8571428571429
151704 1247063 87.8571428571429


1224400 120962 87.8787878787879
1224528 121088 87.8787878787879


1246935 120962 87.8787878787879
1247063 121088 87.8787878787879


120962 1224400 87.8787878787879
121088 1224528 87.8787878787879


120962 1246935 87.8787878787879
121088 1247063 87.8787878787879


1297855 1228717 87.9518072289157
1298014 1228880 87.9518072289157


1297855 1251252 87.9518072289157
1298014 1251415 87.9518072289157


1319570 1228717 87.9518072289157
1319729 1228880 87.9518072289157


1319570 1251252 87.9518072289157
1319729 1251415 87.9518072289157


1228717 1297855 87.9518072289157
1228880 1298014 87.9518072289157


1228717 1319570 87.9518072289157
1228880 1319729 87.9518072289157


1251252 1297855 87.9518072289157
1251415 1298014 87.9518072289157


1251252 1319570 87.9518072289157
1251415 1319729 87.9518072289157


1179834 1297378 87.9661016949153
1180417 1297959 87.9661016949153


1209528 1297378 87.9661016949153
1210111 1297959 87.9661016949153


48899 54317 87.9802955665025
49877 55322 87.9802955665025


54317 48899 87.9802955665025
55322 49877 87.9802955665025


1297378 1179834 87.9864636209814
1297959 1180417 87.9864636209814


1297378 1209528 87.9864636209814
1297959 1210111 87.9864636209814


1337438 1336147 88.0787037037037
1338300 1337009 88.0787037037037


1337438 1314432 88.0787037037037
1338300 1315294 88.0787037037037


1314432 1337438 88.0787037037037
1315294 1338300 88.0787037037037


1336147 1337438 88.0787037037037
1337009 1338300 88.0787037037037


1297855 247455 88.2716049382716
1298014 247613 88.2716049382716


1319570 247455 88.2716049382716
1319729 247613 88.2716049382716


247455 1297855 88.2716049382716
247613 1298014 88.2716049382716


247455 1319570 88.2716049382716
247613 1319729 88.2716049382716


1337438 1529735 88.2830626450116
1338291 1530595 88.2830626450116


1529735 1337438 88.2830626450116
1530595 1338291 88.2830626450116


1338997 1531448 88.5017421602787
1339283 1531734 88.5017421602787


1338997 1501034 88.5017421602787
1339283 1501320 88.5017421602787


1366701 1531448 88.5017421602787
1366987 1531734 88.5017421602787


1366701 1501034 88.5017421602787
1366987 1501320 88.5017421602787


1501034 1338997 88.5017421602787
1501320 1339283 88.5017421602787


1501034 1366701 88.5017421602787
1501320 1366987 88.5017421602787


1531448 1366701 88.5017421602787
1531734 1366987 88.5017421602787


1531448 1338997 88.5017421602787
1531734 1339283 88.5017421602787


1228741 155865 88.5714285714286
1228880 155996 88.5714285714286


1228741 125248 88.5714285714286
1228880 125379 88.5714285714286


1251276 125248 88.5714285714286
1251415 125379 88.5714285714286


1251276 155865 88.5714285714286
1251415 155996 88.5714285714286


125248 1228741 88.5714285714286
125379 1228880 88.5714285714286


125248 1251276 88.5714285714286
125379 1251415 88.5714285714286


155865 1228741 88.5714285714286
155996 1228880 88.5714285714286


155865 1251276 88.5714285714286
155996 1251415 88.5714285714286


193511 247455 88.622754491018
193674 247613 88.622754491018


1504547 247455 88.622754491018
1504710 247613 88.622754491018


1534961 247455 88.622754491018
1535124 247613 88.622754491018


1337496 1499379 88.681592039801
1338291 1500181 88.681592039801


1365200 1499379 88.681592039801
1365995 1500181 88.681592039801


1392904 1499379 88.681592039801
1393699 1500181 88.681592039801


1499379 1337496 88.681592039801
1500181 1338291 88.681592039801


1499379 1392904 88.681592039801
1500181 1393699 88.681592039801


1499379 1365200 88.681592039801
1500181 1365995 88.681592039801


1312248 1557953 88.7016229712859
1313828 1559545 88.7016229712859


1333963 1557953 88.7016229712859
1335543 1559545 88.7016229712859


1557953 1312248 88.7016229712859
1559545 1313828 88.7016229712859


1557953 1333963 88.7016229712859
1559545 1335543 88.7016229712859


1315312 1224392 88.7323943661972
1315449 1224528 88.7323943661972


1315312 1246927 88.7323943661972
1315449 1247063 88.7323943661972


1337027 1246927 88.7323943661972
1337164 1247063 88.7323943661972


1337027 1224392 88.7323943661972
1337164 1224528 88.7323943661972


1224392 1337027 88.7323943661972
1224528 1337164 88.7323943661972


1224392 1315312 88.7323943661972
1224528 1315449 88.7323943661972


1246927 1315312 88.7323943661972
1247063 1315449 88.7323943661972


1246927 1337027 88.7323943661972
1247063 1337164 88.7323943661972


190490 191581 88.7387387387387
190706 191800 88.7387387387387


191581 190490 88.7387387387387
191800 190706 88.7387387387387


83819 90833 88.7729124236252
87730 94745 88.7729124236252


90833 83819 88.7729124236252
94745 87730 88.7729124236252


1297381 1504073 88.7984981226533
1298963 1505662 88.7984981226533


1504073 1297381 88.7984981226533
1505662 1298963 88.7984981226533


50161 55975 88.8376383763838
51211 57037 88.8376383763838


55975 50161 88.8376383763838
57037 51211 88.8376383763838


1297381 1534487 88.8610763454318
1298963 1536076 88.8610763454318


1297381 193037 88.8610763454318
1298963 194626 88.8610763454318


193037 1297381 88.8610763454318
194626 1298963 88.8610763454318


1534487 1297381 88.8610763454318
1536076 1298963 88.8610763454318


1394414 1176854 88.8888888888889
1394646 1177086 88.8888888888889


1394414 1206548 88.8888888888889
1394646 1206780 88.8888888888889


1176854 1394414 88.8888888888889
1177086 1394646 88.8888888888889


1206548 1394414 88.8888888888889
1206780 1394646 88.8888888888889


47732 50672 88.9632107023411
48329 51245 88.9632107023411


50672 47732 88.9632107023411
51245 48329 88.9632107023411


48334 54262 88.9679715302491
48605 54536 88.9679715302491


54262 48334 88.9679715302491
54536 48605 88.9679715302491


95320 102330 88.968152866242
99227 106241 88.968152866242


102330 95320 88.968152866242
106241 99227 88.968152866242


50152 56545 88.9779559118236
50638 57040 88.9779559118236


56545 50152 88.9779559118236
57040 50638 88.9779559118236


48899 53735 88.9980353634578
49877 54737 88.9980353634578


53735 48899 88.9980353634578
54737 49877 88.9980353634578


1337438 1175139 89.0058479532164
1338291 1175992 89.0058479532164


1337438 1204833 89.0058479532164
1338291 1205686 89.0058479532164


1175139 1337438 89.0058479532164
1175992 1338291 89.0058479532164


1204833 1337438 89.0058479532164
1205686 1338291 89.0058479532164


48340 56032 89.0459363957597
48619 56302 89.0459363957597


49888 56032 89.0459363957597
50161 56302 89.0459363957597


56032 49888 89.0459363957597
56302 50161 89.0459363957597


56032 48340 89.0459363957597
56302 48619 89.0459363957597


48899 56081 89.2450879007239
49841 57035 89.2450879007239


56081 48899 89.2450879007239
57035 49841 89.2450879007239


48899 56663 89.2950391644909
49272 57042 89.2950391644909


56663 48899 89.2950391644909
57042 49272 89.2950391644909


247504 1180526 89.3129770992366
247631 1180655 89.3129770992366


247504 1210220 89.3129770992366
247631 1210349 89.3129770992366


1180526 247504 89.3129770992366
1180655 247631 89.3129770992366


1210220 247504 89.3129770992366
1210349 247631 89.3129770992366


48389 48899 89.3518518518518
48601 49102 89.3518518518518


48899 48389 89.3518518518518
49102 48601 89.3518518518518


181948 180884 89.3827160493827
183156 182065 89.3827160493827


180884 181948 89.3914473684211
182065 183156 89.3914473684211


50152 55381 89.5362663495838
51788 57035 89.5362663495838


55381 50152 89.5362663495838
57035 51788 89.5362663495838


48619 55975 89.5424836601307
48915 56271 89.5424836601307


55975 48619 89.5424836601307
56271 48915 89.5424836601307


1228766 1180526 89.5522388059701
1228898 1180655 89.5522388059701


1228766 1210220 89.5522388059701
1228898 1210349 89.5522388059701


1251301 1210220 89.5522388059701
1251433 1210349 89.5522388059701


1251301 1180526 89.5522388059701
1251433 1180655 89.5522388059701


49882 54850 89.5522388059701
50140 55111 89.5522388059701


54850 49882 89.5522388059701
55111 50140 89.5522388059701


1180526 1228766 89.5522388059701
1180655 1228898 89.5522388059701


1180526 1251301 89.5522388059701
1180655 1251433 89.5522388059701


1210220 1228766 89.5522388059701
1210349 1228898 89.5522388059701


1210220 1251301 89.5522388059701
1210349 1251433 89.5522388059701


192746 1179549 89.5833333333333
193553 1180356 89.5833333333333


192746 1209243 89.5833333333333
193553 1210050 89.5833333333333


1503782 1209243 89.5833333333333
1504589 1210050 89.5833333333333


1503782 1179549 89.5833333333333
1504589 1180356 89.5833333333333


1534196 1179549 89.5833333333333
1535003 1180356 89.5833333333333


1534196 1209243 89.5833333333333
1535003 1210050 89.5833333333333


1179549 1534196 89.5833333333333
1180356 1535003 89.5833333333333


1179549 1503782 89.5833333333333
1180356 1504589 89.5833333333333


1209243 1503782 89.5833333333333
1210050 1504589 89.5833333333333


1209243 1534196 89.5833333333333
1210050 1535003 89.5833333333333


1179549 192746 89.5833333333333
1180356 193553 89.5833333333333


1209243 192746 89.5833333333333
1210050 193553 89.5833333333333


48899 53135 89.6656534954407
49843 54112 89.6656534954407


53135 48899 89.6656534954407
54112 49843 89.6656534954407


1318807 1503781 89.6825396825397
1320678 1505662 89.6825396825397


1503781 1318807 89.6825396825397
1505662 1320678 89.6825396825397


1318807 1534195 89.7354497354497
1320678 1536076 89.7354497354497


1318807 192745 89.7354497354497
1320678 194626 89.7354497354497


192745 1318807 89.7354497354497
194626 1320678 89.7354497354497


1534195 1318807 89.7354497354497
1536076 1320678 89.7354497354497


47732 56477 89.8100172711572
48298 57040 89.8100172711572


56477 47732 89.8100172711572
57040 48298 89.8100172711572


50161 54220 89.8144907245362
52936 57040 89.8144907245362


54220 50161 89.8144907245362
57040 52936 89.8144907245362


48916 50278 89.8580121703854
49877 51245 89.8580121703854


50278 48916 89.8580121703854
51245 49877 89.8580121703854


49888 51364 89.8601398601399
50161 51640 89.8601398601399


51364 49888 89.8601398601399
51640 50161 89.8601398601399


48899 54905 89.8608349900596
49877 55901 89.8608349900596


54905 48899 89.8608349900596
55901 49877 89.8608349900596


78809 79116 89.9082568807339
79026 79333 89.9082568807339


79116 78809 89.9082568807339
79333 79026 89.9082568807339


1337438 150690 89.9305555555556
1338300 151552 89.9305555555556


150690 1337438 89.9305555555556
151552 1338300 89.9305555555556


49882 50791 89.9628252788104
50147 51050 89.9628252788104


50791 49882 89.9628252788104
51050 50147 89.9628252788104


50152 52459 89.989281886388
54703 57040 89.989281886388


52459 50152 89.989281886388
57040 54703 89.989281886388


47732 55892 90
48329 56486 90


55892 47732 90
56486 48329 90


47800 50152 90.0195694716243
48307 50647 90.0195694716243


50152 47800 90.0195694716243
50647 48307 90.0195694716243


49090 52759 90.0246305418719
49877 53555 90.0246305418719


52759 49090 90.0246305418719
53555 49877 90.0246305418719


49432 49888 90.0763358778626
49684 50143 90.0763358778626


49888 49432 90.0763358778626
50143 49684 90.0763358778626


50159 53627 90.0812064965197
53516 57032 90.0812064965197


53627 50159 90.0812064965197
57032 53516 90.0812064965197


48899 52565 90.0891972249752
49877 53555 90.0891972249752


52565 48899 90.0891972249752
53555 49877 90.0891972249752


48337 56611 90.1408450704225
48620 56885 90.1408450704225


56611 48337 90.1408450704225
56885 48620 90.1408450704225


1503782 124444 90.1620806633999
1506394 127067 90.1620806633999


1503782 155061 90.1620806633999
1506394 157684 90.1620806633999


124444 1503782 90.1620806633999
127067 1506394 90.1620806633999


155061 1503782 90.1620806633999
157684 1506394 90.1620806633999


49882 54262 90.1694915254237
50161 54547 90.1694915254237


54262 49882 90.1694915254237
54547 50161 90.1694915254237


1340460 1317516 90.1694915254237
1341638 1318694 90.1694915254237


1368164 1317516 90.1694915254237
1369342 1318694 90.1694915254237


1317516 1368164 90.1694915254237
1318694 1369342 90.1694915254237


1317516 1340460 90.1694915254237
1318694 1341638 90.1694915254237


1534196 155061 90.1997738409348
1536808 157684 90.1997738409348


1534196 124444 90.1997738409348
1536808 127067 90.1997738409348


192746 124444 90.1997738409348
195358 127067 90.1997738409348


192746 155061 90.1997738409348
195358 157684 90.1997738409348


124444 1534196 90.1997738409348
127067 1536808 90.1997738409348


155061 1534196 90.1997738409348
157684 1536808 90.1997738409348


124444 192746 90.1997738409348
127067 195358 90.1997738409348


155061 192746 90.1997738409348
157684 195358 90.1997738409348


47732 52391 90.2317880794702
48332 52973 90.2317880794702


52391 47732 90.2317880794702
52973 48332 90.2317880794702


50152 53029 90.2385050405704
54115 57040 90.2385050405704


53029 50152 90.2385050405704
57040 54115 90.2385050405704


48334 53080 90.3114186851211
48619 53365 90.3114186851211


53080 48334 90.3114186851211
53365 48619 90.3114186851211


48899 51413 90.3290129611166
49877 52400 90.3290129611166


51413 48899 90.3290129611166
52400 49877 90.3290129611166


49885 56611 90.3345724907063
50147 56873 90.3345724907063


56611 49885 90.3345724907063
56873 50147 90.3345724907063


82649 92602 90.3525046382189
83185 93140 90.3525046382189


92602 82649 90.3525046382189
93140 83185 90.3525046382189


50152 51304 90.3757076685538
55868 57035 90.3757076685538


51304 50152 90.3757076685538
57035 55868 90.3757076685538


48141 50490 90.4191616766467
48307 50647 90.4191616766467


50490 48141 90.4191616766467
50647 48307 90.4191616766467


47732 55313 90.4448105436573
48329 55901 90.4448105436573


55313 47732 90.4448105436573
55901 48329 90.4448105436573


1504547 1251252 90.4761904761905
1504710 1251415 90.4761904761905


1504547 1228717 90.4761904761905
1504710 1228880 90.4761904761905


1534961 1251252 90.4761904761905
1535124 1251415 90.4761904761905


1534961 1228717 90.4761904761905
1535124 1228880 90.4761904761905


193511 1251252 90.4761904761905
193674 1251415 90.4761904761905


193511 1228717 90.4761904761905
193674 1228880 90.4761904761905


1228717 1534961 90.4761904761905
1228880 1535124 90.4761904761905


1228717 1504547 90.4761904761905
1228880 1504710 90.4761904761905


1251252 1534961 90.4761904761905
1251415 1535124 90.4761904761905


1251252 1504547 90.4761904761905
1251415 1504710 90.4761904761905


1228717 193511 90.4761904761905
1228880 193674 90.4761904761905


1251252 193511 90.4761904761905
1251415 193674 90.4761904761905


48899 51992 90.5
49880 52973 90.5


51992 48899 90.5
52973 49880 90.5


1394405 1531448 90.5172413793103
1394636 1531679 90.5172413793103


1394405 1501034 90.5172413793103
1394636 1501265 90.5172413793103


1501034 1394405 90.5172413793103
1501265 1394636 90.5172413793103


1531448 1394405 90.5172413793103
1531679 1394636 90.5172413793103


1317517 1532903 90.5485232067511
1318695 1534086 90.5485232067511


1317517 1502489 90.5485232067511
1318695 1503672 90.5485232067511


1502489 1317517 90.5485232067511
1503672 1318695 90.5485232067511


1532903 1317517 90.5485232067511
1534086 1318695 90.5485232067511


50152 50740 90.5792587978823
56450 57035 90.5792587978823


50740 50152 90.5792587978823
57035 56450 90.5792587978823


1315312 243197 90.5797101449275
1315449 243328 90.5797101449275


1337027 243197 90.5797101449275
1337164 243328 90.5797101449275


243197 1315312 90.5797101449275
243328 1315449 90.5797101449275


243197 1337027 90.5797101449275
243328 1337164 90.5797101449275


96921 106875 90.7063197026022
97458 107411 90.7063197026022


106875 96921 90.7063197026022
107411 97458 90.7063197026022


47732 53546 90.7915993537964
48329 54152 90.7915993537964


53546 47732 90.7915993537964
54152 48329 90.7915993537964


50152 54796 90.8010563380282
52369 57040 90.8010563380282


54796 50152 90.8010563380282
57040 52369 90.8010563380282


318804 318969 90.8256880733945
319021 319186 90.8256880733945


318969 318804 90.8256880733945
319186 319021 90.8256880733945


1398537 80158 90.8629441624365
1398729 80354 90.8629441624365


80158 1398537 90.8629441624365
80354 1398729 90.8629441624365


48334 50791 90.9407665505226
48620 51062 90.9407665505226


50791 48334 90.9407665505226
51062 48620 90.9407665505226


197422 1184469 90.9544321015643
201800 1188860 90.9544321015643


1508458 1184469 90.9544321015643
1512836 1188860 90.9544321015643


1538872 1184469 90.9544321015643
1543250 1188860 90.9544321015643


1184469 1508458 90.9544321015643
1188860 1512836 90.9544321015643


1184469 1538872 90.9544321015643
1188860 1543250 90.9544321015643


1184469 197422 90.9544321015643
1188860 201800 90.9544321015643


48899 55499 91.0269192422732
49877 56486 91.0269192422732


55499 48899 91.0269192422732
56486 49877 91.0269192422732


1317860 191800 91.0394265232975
1318695 192636 91.0394265232975


191800 1317860 91.0394265232975
192636 1318695 91.0394265232975


1311567 147626 91.0798122065728
1311778 147838 91.0798122065728


1333282 147626 91.0798122065728
1333493 147838 91.0798122065728


147626 1333282 91.0798122065728
147838 1333493 91.0798122065728


147626 1311567 91.0798122065728
147838 1311778 91.0798122065728


50152 51883 91.1085670673536
55287 57042 91.1085670673536


51883 50152 91.1085670673536
57042 55287 91.1085670673536


191800 1208295 91.1589008363202
192636 1209130 91.1589008363202


191800 1178601 91.1589008363202
192636 1179436 91.1589008363202


1178601 191800 91.1589008363202
1179436 192636 91.1589008363202


1208295 191800 91.1589008363202
1209130 192636 91.1589008363202


168905 1163198 91.1785216178522
171759 1166056 91.1785216178522


1163198 168905 91.1785216178522
1166056 171759 91.1785216178522


1312258 1172963 91.2635173591349
1315766 1176429 91.2635173591349


1312258 1202657 91.2635173591349
1315766 1206123 91.2635173591349


1172963 1312258 91.2635173591349
1176429 1315766 91.2635173591349


1202657 1312258 91.2635173591349
1206123 1315766 91.2635173591349


48899 50846 91.2738214643932
49877 51824 91.2738214643932


50846 48899 91.2738214643932
51824 49877 91.2738214643932


48617 50747 91.304347826087
48915 51033 91.304347826087


50747 48617 91.304347826087
51033 48915 91.304347826087


1340451 1207942 91.3372582001682
1341638 1209129 91.3372582001682


1340451 1178248 91.3372582001682
1341638 1179435 91.3372582001682


1368155 1207942 91.3372582001682
1369342 1209129 91.3372582001682


1368155 1178248 91.3372582001682
1369342 1179435 91.3372582001682


1178248 1340451 91.3372582001682
1179435 1341638 91.3372582001682


1178248 1368155 91.3372582001682
1179435 1369342 91.3372582001682


1207942 1368155 91.3372582001682
1209129 1369342 91.3372582001682


1207942 1340451 91.3372582001682
1209129 1341638 91.3372582001682


48337 53683 91.449814126394
48605 53948 91.449814126394


49885 55447 91.449814126394
50147 55709 91.449814126394


53683 48337 91.449814126394
53948 48605 91.449814126394


55447 49885 91.449814126394
55709 50147 91.449814126394


48619 54220 91.5032679738562
48915 54519 91.5032679738562


54220 48619 91.5032679738562
54519 48915 91.5032679738562


48899 49481 91.504854368932
49307 49877 91.504854368932


49481 48899 91.504854368932
49877 49307 91.504854368932


1317610 153863 91.5533980582524
1320676 156943 91.5533980582524


1317610 123246 91.5533980582524
1320676 126326 91.5533980582524


123246 1317610 91.5533980582524
126326 1320676 91.5533980582524


153863 1317610 91.5533980582524
156943 1320676 91.5533980582524


48617 56552 91.5584415584416
48915 56856 91.5584415584416


56552 48617 91.5584415584416
56856 48915 91.5584415584416


1323857 1163777 91.6440305264519
1331559 1171494 91.6440305264519


1163777 1323857 91.6440305264519
1171494 1331559 91.6440305264519


1302142 1163777 91.6569654637175
1309844 1171494 91.6569654637175


1163777 1302142 91.6569654637175
1171494 1309844 91.6569654637175


1527551 148518 91.662310507057
1531366 152289 91.662310507057


148518 1527551 91.662310507057
152289 1531366 91.662310507057


1227661 246453 91.7013407304669
1231984 250691 91.7013407304669


246453 1227661 91.7013407304669
250691 1231984 91.7013407304669


48736 48916 91.7127071823204
48913 49087 91.7127071823204


48916 48736 91.7127071823204
49087 48913 91.7127071823204


1323857 1193470 91.7216401500453
1331559 1201188 91.7216401500453


1193470 1323857 91.7216401500453
1201188 1331559 91.7216401500453


49888 50212 91.7293233082707
50147 50474 91.7293233082707


50212 49888 91.7293233082707
50474 50147 91.7293233082707


1302142 1193470 91.7345750873108
