#-- forward hits sorted by %sim
0 0 0
0 0 0


844557 844755 67.8714859437751
844805 844937 67.8714859437751


844557 844623 71.7460317460317
844805 844937 71.7460317460317


1093153 1113992 78.9173789173789
1093850 1114689 78.9173789173789


1113992 1093153 78.9473684210526
1114689 1093850 78.9473684210526


1478978 1118266 80.1282051282051
1479518 1118886 80.1282051282051


1118266 1478978 80.1282051282051
1118886 1479518 80.1282051282051


1385697 1330001 80.4537521815009
1386268 1330573 80.4537521815009


1330001 1385697 80.4537521815009
1330573 1386268 80.4537521815009


1338549 1159088 81.5085158150852
1338944 1159491 81.5085158150852


1159088 1338549 81.5085158150852
1159491 1338944 81.5085158150852


1498304 1214408 81.9133034379671
1498960 1215068 81.9133034379671


1214408 1498304 81.9133034379671
1215068 1498960 81.9133034379671


1405333 1343573 81.948051948052
1406097 1344337 81.948051948052


1343573 1405333 81.948051948052
1344337 1406097 81.948051948052


1499423 1338535 81.9512195121951
1499825 1338944 81.9512195121951


1338535 1499423 81.9512195121951
1338944 1499825 81.9512195121951


1406601 961332 81.9951338199513
1407420 962151 81.9951338199513


961332 1406601 81.9951338199513
962151 1407420 81.9951338199513


1450026 1451491 82.1034775233249
1451198 1452663 82.1034775233249


1451491 1450026 82.1034775233249
1452663 1451198 82.1034775233249


1332970 1180112 82.1276595744681
1333204 1180346 82.1276595744681


1180112 1332970 82.1276595744681
1180346 1333204 82.1276595744681


1016248 955936 82.3815309842041
1017067 956755 82.3815309842041


955936 1016248 82.3815309842041
956755 1017067 82.3815309842041


1380791 1213094 82.3899371069182
1381264 1213564 82.3899371069182


1213094 1380791 82.3899371069182
1213564 1381264 82.3899371069182


1399296 1381977 82.4497257769653
1399840 1382460 82.4497257769653


931859 957071 82.521186440678
932799 958014 82.521186440678


957071 931859 82.521186440678
958014 932799 82.521186440678


1496978 1380791 82.5995807127883
1497448 1381264 82.5995807127883


1380791 1496978 82.5995807127883
1381264 1497448 82.5995807127883


1383166 1381977 82.6241134751773
1383723 1382477 82.6241134751773


1017583 957262 82.6490066225166
1018335 958014 82.6490066225166


957262 1017583 82.6490066225166
958014 1018335 82.6490066225166


1406594 1344831 82.6506024096386
1407420 1345657 82.6506024096386


1344831 1406594 82.6506024096386
1345657 1407420 82.6506024096386


1491535 1385723 82.7272727272727
1492079 1386265 82.7272727272727


1385723 1491535 82.7272727272727
1386265 1492079 82.7272727272727


1298582 1242403 82.8677839851024
1299116 1242928 82.8677839851024


1242403 1298582 82.8677839851024
1242928 1299116 82.8677839851024


1385723 1207594 82.8779599271403
1386265 1208138 82.8779599271403


1385723 1268633 82.8779599271403
1386265 1269177 82.8779599271403


1207594 1385723 82.8779599271403
1208138 1386265 82.8779599271403


1268633 1385723 82.8779599271403
1269177 1386265 82.8779599271403


1333222 1154474 83.0246913580247
1333544 1154795 83.0246913580247


1154474 1333222 83.0246913580247
1154795 1333544 83.0246913580247


1277106 1128930 83.0687830687831
1277292 1129116 83.0687830687831


1128930 1277106 83.0687830687831
1129116 1277292 83.0687830687831


1431786 1431927 83.1578947368421
1432064 1432205 83.1578947368421


1431927 1431786 83.1578947368421
1432205 1432064 83.1578947368421


1271206 1179668 83.4745762711864
1271430 1179901 83.4745762711864


1500010 1154276 83.495145631068
1500212 1154479 83.495145631068


1154276 1500010 83.495145631068
1154479 1500212 83.495145631068


1119308 931393 83.5117773019272
1119764 931842 83.5117773019272


931393 1119308 83.5117773019272
931842 1119764 83.5117773019272


1514088 958159 83.5862068965517
1514808 958878 83.5862068965517


958159 1514088 83.5862068965517
958878 1514808 83.5862068965517


1534979 1349579 83.7988826815643
1535510 1350103 83.7988826815643


1349579 1534979 83.7988826815643
1350103 1535510 83.7988826815643


1266112 1148422 83.8095238095238
1266844 1149141 83.8095238095238


1174426 1148422 83.8095238095238
1175158 1149141 83.8095238095238


1148422 1174426 83.8095238095238
1149141 1175158 83.8095238095238


1148422 1266112 83.8095238095238
1149141 1266844 83.8095238095238


1496876 1389193 83.8157894736842
1497618 1389950 83.8157894736842


1389193 1496876 83.8157894736842
1389950 1497618 83.8157894736842


1406579 1080273 83.8957055214724
1407228 1080922 83.8957055214724


1080273 1406579 83.8957055214724
1080922 1407228 83.8957055214724


1389199 1273928 83.9309428950863
1389950 1274664 83.9309428950863


1273928 1389199 83.9309428950863
1274664 1389950 83.9309428950863


1389195 1156478 84.0369393139842
1389950 1157218 84.0369393139842


1156478 1389195 84.0369393139842
1157218 1389950 84.0369393139842


1502017 1080125 84.0993328391401
1504711 1082819 84.0993328391401


1080125 1502017 84.0993328391401
1082819 1504711 84.0993328391401


1381977 1399296 84.1194968553459
1382610 1399864 84.1194968553459


1389195 1212994 84.1897233201581
1389950 1213734 84.1897233201581


1212994 1389195 84.1897233201581
1213734 1389950 84.1897233201581


1525607 1294810 84.2105263157895
1526262 1295469 84.2105263157895


1294810 1525607 84.2105263157895
1295469 1526262 84.2105263157895


1422688 1423477 84.2323651452282
1422925 1423714 84.2323651452282


1423477 1422688 84.2323651452282
1423714 1422925 84.2323651452282


1190688 1159970 84.3437708194537
1192181 1161460 84.3437708194537


1159970 1190688 84.3437708194537
1161460 1192181 84.3437708194537


1502017 1344668 84.3727338651197
1504767 1347421 84.3727338651197


1344668 1502017 84.3727338651197
1347421 1504767 84.3727338651197


1205080 1174426 84.3962008141113
1205807 1175157 84.3962008141113


1174426 1205080 84.3962008141113
1175157 1205807 84.3962008141113


1266112 1205080 84.3962008141113
1266843 1205807 84.3962008141113


1205080 1266112 84.3962008141113
1205807 1266843 84.3962008141113


1502017 961162 84.4539448115041
1504587 963732 84.4539448115041


961162 1502017 84.4539448115041
963732 1504587 84.4539448115041


1497483 1335857 84.5070422535211
1498960 1337324 84.5070422535211


1335857 1497483 84.5070422535211
1337324 1498960 84.5070422535211


1206042 1149390 84.5272206303725
1206381 1149738 84.5272206303725


1149390 1206042 84.5272206303725
1149738 1206381 84.5272206303725


1190688 1133976 84.54363757495
1192181 1135466 84.54363757495


1133976 1190688 84.54363757495
1135466 1192181 84.54363757495


1479746 1119308 84.6062052505967
1480519 1120136 84.6062052505967


1119308 1479746 84.6062052505967
1120136 1480519 84.6062052505967


1335866 1274538 84.6258503401361
1337302 1275991 84.6258503401361


1274538 1335866 84.6258503401361
1275991 1337302 84.6258503401361


1405754 960494 84.6385542168675
1406085 960825 84.6385542168675


960494 1405754 84.6385542168675
960825 1406085 84.6385542168675


1091677 1112552 84.7058823529412
1092603 1113468 84.7058823529412


1112552 1091677 84.7058823529412
1113468 1092603 84.7058823529412


1479746 931393 84.796573875803
1480209 931842 84.796573875803


931393 1479746 84.796573875803
931842 1480209 84.796573875803


1313727 1159701 84.8450704225352
1315487 1161460 84.8450704225352


1159701 1313727 84.8536036036036
1161460 1315487 84.8536036036036


1015205 954893 84.877529286475
1016142 955830 84.877529286475


954893 1015205 84.877529286475
955830 1016142 84.877529286475


1251848 1190880 84.9503437738732
1253146 1192181 84.9503437738732


1190880 1251848 84.9503437738732
1192181 1253146 84.9503437738732


1384995 953091 84.9514563106796
1385198 953294 84.9514563106796


953091 1384995 84.9514563106796
953294 1385198 84.9514563106796


1274538 1183083 84.9726775956284
1275987 1184524 84.9726775956284


1183083 1274538 84.9726775956284
1184524 1275987 84.9726775956284


1314186 1251848 85.1371951219512
1315487 1253146 85.1371951219512


1251848 1314186 85.1485148514851
1253146 1315487 85.1485148514851


1407526 1081220 85.181236673774
1408460 1082154 85.181236673774


1081220 1407526 85.181236673774
1082154 1408460 85.181236673774


967138 970710 85.3146853146853
967271 970852 85.3146853146853


1518752 1302715 85.3185595567867
1519111 1303075 85.3185595567867


1302715 1518752 85.3185595567867
1303075 1519111 85.3185595567867


1496952 1400906 85.3697749196141
1497568 1401525 85.3697749196141


1400906 1496952 85.3697749196141
1401525 1497568 85.3697749196141


1497483 1183074 85.3789403085178
1498960 1184550 85.3789403085178


1183074 1497483 85.3789403085178
1184550 1498960 85.3789403085178


1385634 1151039 85.4014598540146
1385904 1151311 85.4014598540146


1151039 1385634 85.4014598540146
1151311 1385904 85.4014598540146


1374455 1240211 85.4166666666667
1374838 1240594 85.4166666666667


1240211 1374455 85.4166666666667
1240594 1374838 85.4166666666667


1527354 1374455 85.4166666666667
1527737 1374838 85.4166666666667


1374455 1527354 85.4166666666667
1374838 1527737 85.4166666666667


1407526 962257 85.5165069222577
1408463 963194 85.5165069222577


962257 1407526 85.5165069222577
963194 1408463 85.5165069222577


1400906 1273998 85.553772070626
1401525 1274614 85.553772070626


1273998 1400906 85.553772070626
1274614 1401525 85.553772070626


966679 970398 85.5799373040752
966991 970710 85.5799373040752


1275357 1214408 85.6088560885609
1275622 1214677 85.6088560885609


1214408 1275357 85.6088560885609
1214677 1275622 85.6088560885609


1511426 953367 85.7429718875502
1511916 953851 85.7429718875502


953367 1511426 85.7429718875502
953851 1511916 85.7429718875502


1529541 1298602 85.76
1530165 1299226 85.76


1298602 1529541 85.76
1299226 1530165 85.76


970398 966679 86
970691 966972 86


1025630 1026671 86.0189573459716
1026051 1027073 86.0189573459716


1026671 1025630 86.0189573459716
1027073 1026051 86.0189573459716


1213608 1183083 86.0254829428689
1216002 1185489 86.0254829428689


1183083 1213608 86.0254829428689
1185489 1216002 86.0254829428689


1400906 1213068 86.0353130016051
1401525 1213684 86.0353130016051


1213068 1400906 86.0353130016051
1213684 1401525 86.0353130016051


1344569 1110455 86.1271676300578
1344741 1110627 86.1271676300578


1110455 1344569 86.1271676300578
1110627 1344741 86.1271676300578


1499321 1158978 86.1833105335157
1500035 1159701 86.1833105335157


1158978 1499321 86.1833105335157
1159701 1500035 86.1833105335157


1380791 1182572 86.1979166666667
1381174 1182955 86.1979166666667


1182572 1380791 86.1979166666667
1182955 1381174 86.1979166666667


1017583 932050 86.2068965517241
1018365 932829 86.2068965517241


932050 1017583 86.2068965517241
932829 1018365 86.2068965517241


1380791 1335355 86.2337662337662
1381174 1335738 86.2337662337662


1335355 1380791 86.2337662337662
1335738 1381174 86.2337662337662


1535096 1103463 86.3481228668942
1535972 1104333 86.3481228668942


1103463 1535096 86.3481228668942
1104333 1535972 86.3481228668942


967020 972482 86.3636363636364
967271 972742 86.3636363636364


972482 967020 86.3636363636364
972742 967271 86.3636363636364


966678 972416 86.5269461077844
966998 972742 86.5269461077844


972416 966678 86.5269461077844
972742 966998 86.5269461077844


1380789 1389293 86.6666666666667
1381267 1389771 86.6666666666667


1389293 1380789 86.6666666666667
1389771 1381267 86.6666666666667


1407526 1345763 86.6879659211928
1408463 1346700 86.6879659211928


1345763 1407526 86.6879659211928
1346700 1408463 86.6879659211928


970695 967123 86.7088607594937
970852 967271 86.7088607594937


969929 970695 86.7924528301887
970710 971463 86.7924528301887


970695 969929 86.7924528301887
971463 970710 86.7924528301887


970691 973857 86.9402985074627
971474 974633 86.9402985074627


973857 970691 86.9402985074627
974633 971474 86.9402985074627


966678 971156 87.0090634441088
966998 971470 87.0090634441088


971156 966678 87.0090634441088
971470 966998 87.0090634441088


1312925 1132914 87.121799844841
1315487 1135466 87.121799844841


1132914 1312925 87.1267933307484
1135466 1315487 87.1267933307484


1389269 1400906 87.1632329635499
1389898 1401523 87.1632329635499


1400906 1389269 87.1632329635499
1401523 1389898 87.1632329635499


966988 971193 87.2413793103448
967271 971470 87.2413793103448


971193 966988 87.2413793103448
971470 967271 87.2413793103448


1399040 1393150 87.4221668742217
1399840 1393889 87.4221668742217


1389201 1182478 87.4251497005988
1389699 1182977 87.4251497005988


1182478 1389201 87.4251497005988
1182977 1389699 87.4251497005988


966988 967884 87.4564459930314
967271 968170 87.4564459930314


967884 966988 87.4564459930314
968170 967271 87.4564459930314


1523786 1292885 87.51269035533
1524769 1293792 87.51269035533


1292885 1523786 87.51269035533
1293792 1524769 87.51269035533


1494763 1210837 87.5502008032128
1495011 1211085 87.5502008032128


1210837 1494763 87.5502008032128
1211085 1495011 87.5502008032128


967261 970437 87.5536480686695
967487 970666 87.5536480686695


970437 967261 87.5536480686695
970666 967487 87.5536480686695


1351389 936992 87.6923076923077
1351648 937248 87.6923076923077


936992 1351389 87.6923076923077
937248 1351648 87.6923076923077


1381977 1398859 87.6980428704567
1383047 1399864 87.6980428704567


1396983 1381977 87.732342007435
1398857 1383723 87.732342007435


1389195 1335255 87.7712031558185
1389699 1335760 87.7712031558185


1335255 1389195 87.7712031558185
1335760 1389699 87.7712031558185


1351395 939651 87.7952755905512
1351648 939901 87.7952755905512


939651 1351395 87.7952755905512
939901 1351648 87.7952755905512


1347517 1357237 87.8048780487805
1347839 1357564 87.8048780487805


1357237 1347517 87.8048780487805
1357564 1347839 87.8048780487805


1397361 1381977 87.8385554965481
1399231 1383723 87.8385554965481


1400906 1335329 87.8640776699029
1401315 1335738 87.8640776699029


1335329 1400906 87.8640776699029
1335738 1401315 87.8640776699029


1382916 1381977 87.8676470588235
1383723 1382729 87.8676470588235


1211189 1180667 87.9182963928727
1213486 1182964 87.9182963928727


1180667 1211189 87.9182963928727
1182964 1213486 87.9182963928727


1530700 1214360 87.9518072289157
1530864 1214523 87.9518072289157


1214360 1530700 87.9518072289157
1214523 1530864 87.9518072289157


970695 973221 88.011088011088
972104 974633 88.011088011088


973221 970695 88.011088011088
974633 972104 88.011088011088


1507519 1508909 88.0294659300184
1508056 1509444 88.0294659300184


1508909 1507519 88.0294659300184
1509444 1508056 88.0294659300184


1431840 1431927 88.0503144654088
1431994 1432081 88.0503144654088


1431927 1431840 88.0503144654088
1432081 1431994 88.0503144654088


1400906 1182546 88.0778588807786
1401315 1182955 88.0778588807786


1182546 1400906 88.0778588807786
1182955 1401315 88.0778588807786


1242794 1242935 88.0952380952381
1242918 1243059 88.0952380952381


1242935 1242794 88.0952380952381
1243059 1242918 88.0952380952381


966988 973735 88.1533101045296
967271 974012 88.1533101045296


973735 966988 88.1533101045296
974012 967271 88.1533101045296


967261 973735 88.1720430107527
968174 974633 88.1720430107527


973735 967261 88.1720430107527
974633 968174 88.1720430107527


969283 970691 88.1744271988174
970608 971997 88.1744271988174


970691 969283 88.1744271988174
971997 970608 88.1744271988174


1382731 1381977 88.2117882117882
1383723 1382914 88.2117882117882


966678 973698 88.2716049382716
966998 974012 88.2716049382716


973698 966678 88.2716049382716
974012 966998 88.2716049382716


1343574 1079037 88.2911392405063
1347357 1082814 88.2911392405063


1079037 1343574 88.2911392405063
1082814 1347357 88.2911392405063


1524286 1298937 88.3333333333333
1524465 1299116 88.3333333333333


1298937 1524286 88.3333333333333
1299116 1524465 88.3333333333333


1398627 1381993 88.4092725819344
1399867 1383174 88.4092725819344


1102800 951504 88.4437596302003
1103440 952137 88.4437596302003


951504 1102800 88.4437596302003
952137 1103440 88.4437596302003


1332369 1295355 88.4892086330935
1332504 1295490 88.4892086330935


1295355 1332369 88.4892086330935
1295490 1332504 88.4892086330935


1102201 1106099 88.5321100917431
1102634 1106532 88.5321100917431


1106099 1102201 88.5321100917431
1106532 1102634 88.5321100917431


1493877 1295355 88.5714285714286
1494014 1295490 88.5714285714286


1295355 1493877 88.5714285714286
1295490 1494014 88.5714285714286


1526124 1493855 88.5714285714286
1526262 1493990 88.5714285714286


1493855 1526124 88.5714285714286
1493990 1526262 88.5714285714286


971820 967261 88.6159169550173
974633 970093 88.6159169550173


967261 971820 88.6198547215496
970093 974633 88.6198547215496


1276533 1215660 88.6297376093295
1276874 1216002 88.6297376093295


1215660 1276533 88.6297376093295
1216002 1276874 88.6297376093295


967261 969800 88.6387995712755
968161 970708 88.6387995712755


969800 967261 88.6387995712755
970708 968161 88.6387995712755


1295355 1270974 88.6524822695035
1295490 1271111 88.6524822695035


1270974 1295355 88.6524822695035
1271111 1295490 88.6524822695035


1369940 937396 88.6824324324324
1370530 937984 88.6824324324324


937396 1369940 88.6824324324324
937984 1370530 88.6824324324324


1382479 1381977 88.6852589641434
1383723 1383164 88.6852589641434


844755 844557 88.7005649717514
844931 844733 88.7005649717514


1379801 1400866 88.7096774193548
1379985 1401046 88.7096774193548


1400866 1379801 88.7096774193548
1401046 1379985 88.7096774193548


1080508 1083450 88.8475836431227
1081045 1083987 88.8475836431227


1083450 1080508 88.8475836431227
1083987 1081045 88.8475836431227


966988 969800 88.8513513513514
967271 970089 88.8513513513514


969800 966988 88.8513513513514
970089 967271 88.8513513513514


970691 972581 88.8677450047574
972746 974633 88.8677450047574


972581 970691 88.8677450047574
974633 972746 88.8677450047574


966998 973102 88.9285714285714
967271 973375 88.9285714285714


973102 966998 88.9285714285714
973375 967271 88.9285714285714


1155798 1273244 88.9372506347479
1158522 1275987 88.9372506347479


1273244 1155798 88.9412617839014
1275987 1158522 88.9412617839014


1398859 1381977 88.9437314906219
1399867 1382924 88.9437314906219


940485 1102201 88.9447236180904
940880 1102597 88.9447236180904


1299782 1183863 88.9655172413793
1299922 1184004 88.9655172413793


1183863 1299782 88.9655172413793
1184004 1299922 88.9655172413793


1128756 1128942 88.9830508474576
1128873 1129059 88.9830508474576


1128942 1128756 88.9830508474576
1129059 1128873 88.9830508474576


1370069 1105792 88.9848812095032
1370530 1106250 88.9848812095032


1105792 1370069 88.9848812095032
1106250 1370530 88.9848812095032


1431634 1236924 89.0295358649789
1431870 1237160 89.0295358649789


1236924 1431634 89.0295358649789
1237160 1431870 89.0295358649789


1402347 1124617 89.0345649582837
1403171 1125454 89.0345649582837


1124617 1402347 89.0345649582837
1125454 1403171 89.0345649582837


1110456 961064 89.0710382513661
1110638 961246 89.0710382513661


961064 1110456 89.0710382513661
961246 1110638 89.0710382513661


1213608 1335866 89.0825217837007
1215544 1337800 89.0825217837007


1335866 1213608 89.0881147540984
1337800 1215544 89.0881147540984


1381977 1398298 89.145793192036
1383460 1399842 89.145793192036


1343487 959987 89.1656288916563
1347496 963987 89.1656288916563


959987 1343487 89.1656288916563
963987 1347496 89.1656288916563


1215652 1159135 89.1737891737892
1216002 1159484 89.1737891737892


1159135 1215652 89.1737891737892
1159484 1216002 89.1737891737892


966988 968526 89.198606271777
967271 968806 89.198606271777


968526 966988 89.198606271777
968806 967271 89.198606271777


970695 971322 89.2878163625662
974016 974633 89.2878163625662


971322 970695 89.2878163625662
974633 974016 89.2878163625662


1398113 1381977 89.2978482446206
1399864 1383669 89.2978482446206


929201 928137 89.3004115226338
930409 929318 89.3004115226338


928137 929201 89.3092105263158
929318 930409 89.3092105263158


967261 973092 89.3738140417457
968810 974633 89.3738140417457


973092 967261 89.3738140417457
974633 968810 89.3738140417457


970691 968015 89.4113291373565
973318 970666 89.4113291373565


968015 970691 89.4152479644708
970666 973318 89.4152479644708


1395040 1381977 89.4188596491228
1396857 1383723 89.4188596491228


1076174 906676 89.4827586206897
1076749 907253 89.4827586206897


906676 1076174 89.4827586206897
907253 1076749 89.4827586206897


971203 967271 89.5052902487847
974622 970710 89.5052902487847


967271 971203 89.5112889396971
970710 974622 89.5112889396971


1079037 960074 89.5142636854279
1082918 963960 89.5142636854279


960074 1079037 89.5142636854279
963960 1082918 89.5142636854279


970815 967495 89.5226286422815
973958 970666 89.5226286422815


1369940 940049 89.527027027027
1370530 940636 89.527027027027


940049 1369940 89.527027027027
940636 1370530 89.527027027027


967495 970815 89.5291201982652
970666 973958 89.5291201982652


967020 970466 89.5522388059701
967214 970663 89.5522388059701


970466 967020 89.5522388059701
970663 967214 89.5522388059701


1498303 1299813 89.5652173913044
1498415 1299926 89.5652173913044


1299813 1498303 89.5652173913044
1299926 1498415 89.5652173913044


1496181 1155781 89.5736295234683
1498960 1158548 89.5736295234683


1155781 1496181 89.5736295234683
1158548 1498960 89.5736295234683


1524319 1237155 89.6551724137931
1524769 1237617 89.6551724137931


1237155 1524319 89.6551724137931
1237617 1524769 89.6551724137931


1214753 1158233 89.6766169154229
1215554 1159031 89.6766169154229


1158233 1214753 89.6766169154229
1159031 1215554 89.6766169154229


1398361 1381977 89.6770107663078
1399864 1383545 89.6770107663078


1123410 950492 89.6955503512881
1124260 951335 89.6955503512881


950492 1123410 89.6955503512881
951335 1124260 89.6955503512881


966680 969765 89.7280966767372
966998 970089 89.7280966767372


969765 966680 89.7280966767372
970089 966998 89.7280966767372


1381977 1394034 89.7334089619966
1383723 1395727 89.7334089619966


1398668 1393148 89.7520661157025
1399867 1394294 89.7520661157025


1277420 991183 89.7590361445783
1277585 991348 89.7590361445783


991183 1277420 89.7590361445783
991348 1277585 89.7590361445783


1083450 961545 89.7769516728625
1083987 962082 89.7769516728625


961545 1083450 89.7769516728625
962082 1083987 89.7769516728625


970691 968654 89.7813688212928
972735 970710 89.7813688212928


968654 970691 89.7862232779097
970710 972735 89.7862232779097


1431634 1293033 89.8203592814371
1431800 1293199 89.8203592814371


1293033 1431634 89.8203592814371
1293199 1431800 89.8203592814371


1490804 1329297 89.8225469728601
1494631 1333044 89.8225469728601


1329297 1490804 89.8252021914949
1333044 1494631 89.8252021914949


1335857 1157083 89.9717514124294
1336563 1157788 89.9717514124294


1157083 1335857 89.9717514124294
1157788 1336563 89.9717514124294


1382458 1393132 90
1383723 1394347 90


967261 967884 90.014064697609
970043 970677 90.014064697609


967884 967261 90.014064697609
970677 970043 90.014064697609


967261 969155 90.0632911392405
968799 970710 90.0632911392405


969155 967261 90.0632911392405
970710 968799 90.0632911392405


967261 968526 90.0780891134589
969382 970664 90.0780891134589


968526 967261 90.0780891134589
970664 969382 90.0780891134589


1102201 940485 90.0826446280992
1102562 940845 90.0826446280992


1333137 1271798 90.1015228426396
1333529 1272191 90.1015228426396


1271798 1333137 90.1015228426396
1272191 1333529 90.1015228426396


1329318 1206885 90.1057197072377
1332978 1210564 90.1057197072377


1206885 1329318 90.1057197072377
1210564 1332978 90.1057197072377


1295355 1179289 90.1408450704225
1295490 1179429 90.1408450704225


1179289 1295355 90.1408450704225
1179429 1295490 90.1408450704225


1080026 1110455 90.2298850574713
1080198 1110627 90.2298850574713


1110455 1080026 90.2298850574713
1110627 1080198 90.2298850574713


1395851 1393150 90.2378592666006
1399864 1396988 90.2378592666006


1396483 1381977 90.2747252747253
1398296 1383723 90.2747252747253


1398438 1381993 90.2777777777778
1399867 1383359 90.2777777777778


1394034 1381977 90.2960526315789
1395853 1383723 90.2960526315789


972482 967293 90.3093721565059
974633 969445 90.3093721565059


1397188 1381993 90.3100775193798
1398981 1383723 90.3100775193798


967293 972482 90.3137789904502
969445 974633 90.3137789904502


1381977 1397046 90.3296703296703
1383723 1398857 90.3296703296703


1329337 1150438 90.3352461491996
1332635 1153741 90.3352461491996


1150438 1329337 90.3352461491996
1153741 1332635 90.3352461491996


966988 969155 90.3448275862069
967271 969441 90.3448275862069


969155 966988 90.3448275862069
969441 967271 90.3448275862069


1110636 956338 90.3921568627451
1111144 956844 90.3921568627451


956338 1110636 90.3921568627451
956844 1111144 90.3921568627451


1381977 1397424 90.3951701427003
1383723 1399231 90.3951701427003


1381977 1393971 90.4162102957284
1383723 1395790 90.4162102957284


1393971 1381977 90.4162102957284
1395790 1383723 90.4162102957284


1383540 1381977 90.4255319148936
1383723 1382164 90.4255319148936


1356421 1370154 90.4509283819629
1356793 1370530 90.4509283819629


1370154 1356421 90.4509283819629
1370530 1356793 90.4509283819629


1393656 1381977 90.4709748083242
1395477 1383723 90.4709748083242


966715 967261 90.4929577464789
966998 967532 90.4929577464789


967261 966715 90.4929577464789
967532 966998 90.4929577464789


966678 969118 90.519877675841
966998 969441 90.519877675841


969118 966678 90.519877675841
969441 966998 90.519877675841


966998 974359 90.5454545454545
967272 974630 90.5454545454545


974359 966998 90.5454545454545
974630 967272 90.5454545454545


1393150 1398233 90.5484247374562
1394859 1399867 90.5484247374562


1381977 1397926 90.5494505494506
1383723 1399733 90.5494505494506


1397926 1381977 90.5494505494506
1399733 1383723 90.5494505494506


1379834 1213058 90.6040268456376
1379982 1213206 90.6040268456376


1213058 1379834 90.6040268456376
1213206 1379982 90.6040268456376


1267230 1149526 90.6103286384976
1267441 1149738 90.6103286384976


1175544 1149526 90.6103286384976
1175755 1149738 90.6103286384976


1149526 1175544 90.6103286384976
1149738 1175755 90.6103286384976


1149526 1267230 90.6103286384976
1149738 1267441 90.6103286384976


1398048 1393150 90.6129210381005
1399840 1394895 90.6129210381005


1526124 1332347 90.6474820143885
1526261 1332479 90.6474820143885


1332347 1526124 90.6474820143885
1332479 1526261 90.6474820143885


966684 967853 90.6542056074766
966998 968170 90.6542056074766


967853 966684 90.6542056074766
968170 966998 90.6542056074766


1382269 1393132 90.68660774983
1383723 1394536 90.68660774983


1026388 1027398 90.7630522088353
1026885 1027886 90.7630522088353


1027398 1026388 90.7630522088353
1027886 1026885 90.7630522088353


1332999 1333053 90.7894736842105
1333150 1333204 90.7894736842105


1333053 1332999 90.7894736842105
1333204 1333150 90.7894736842105


1381977 1393845 90.8006814310051
1383723 1395538 90.8006814310051


1381977 1393656 90.8111174134997
1383723 1395351 90.8111174134997


1393150 1399607 90.8396946564885
1393411 1399864 90.8396946564885


1399607 1393150 90.8396946564885
1399864 1393411 90.8396946564885


1539170 1103100 90.8571428571429
1539518 1103442 90.8571428571429


1103100 1539170 90.8571428571429
1103442 1539518 90.8571428571429


1381977 1393343 90.8680947012401
1383677 1395116 90.8680947012401


1393343 1381977 90.8680947012401
1395116 1383677 90.8680947012401


1394601 1381977 90.8891328210757
1396418 1383723 90.8891328210757


1381977 1383540 90.9090909090909
1382108 1383669 90.9090909090909


970748 971999 90.915860014892
973379 974633 90.915860014892


971999 970748 90.915860014892
974633 973379 90.915860014892


1336669 1157899 90.9330985915493
1337796 1159017 90.9330985915493


1157899 1336669 90.9330985915493
1159017 1337796 90.9330985915493


1206882 1150416 90.9706546275395
1210409 1153898 90.9706546275395


1150416 1206882 90.9706546275395
1153898 1210409 90.9706546275395


1307845 1221204 91.0163160998624
1312921 1226273 91.0163160998624


1221204 1307845 91.0163160998624
1226273 1312921 91.0163160998624


1396666 1393150 91.0429063576574
1399840 1396212 91.0429063576574


1386892 1209150 91.1722141823444
1387582 1209840 91.1722141823444


1209150 1386892 91.1722141823444
1209840 1387582 91.1722141823444


1393845 1381977 91.218441273326
1395664 1383723 91.218441273326


1293386 1237211 91.2478632478633
1296285 1240092 91.2478632478633


1237211 1293386 91.2538435257943
1240092 1296285 91.2538435257943


966678 968489 91.2772585669782
966998 968806 91.2772585669782


968489 966678 91.2772585669782
968806 966998 91.2772585669782


1395918 1381977 91.2828947368421
1397735 1383723 91.2828947368421


1526391 1295445 91.371158392435
1527235 1296285 91.371158392435


1386875 1152669 91.3841807909605
1387582 1153376 91.3841807909605


1152669 1386875 91.3841807909605
1153376 1387582 91.3841807909605


1295445 1526391 91.3915094339623
1296285 1527235 91.3915094339623


1356416 940259 91.3987836663771
1357555 941394 91.3987836663771


940259 1356416 91.3987836663771
941394 1357555 91.3987836663771


1518740 1246533 91.4012738853503
1519053 1246846 91.4012738853503


1246533 1518740 91.4012738853503
1246846 1519053 91.4012738853503


1381977 1394601 91.4253265190233
1383723 1396292 91.4253265190233


966715 966988 91.4285714285714
967271 967532 91.4285714285714


966988 966715 91.4285714285714
967532 967271 91.4285714285714


966678 973055 91.4373088685015
966998 973375 91.4373088685015


973055 966678 91.4373088685015
973375 966998 91.4373088685015


1393150 1399670 91.4572864321608
1393348 1399864 91.4572864321608


1383599 1393150 91.4728682170543
1383723 1393278 91.4728682170543


1393150 1383599 91.4728682170543
1393278 1383723 91.4728682170543


1381977 1395040 91.5196357427433
1383723 1396731 91.5196357427433


966988 971820 91.5492957746479
967271 972100 91.5492957746479


971820 966988 91.5492957746479
972100 967271 91.5492957746479


1527345 1296398 91.5672913117547
1528518 1297571 91.5672913117547


1296398 1527345 91.5672913117547
1297571 1528518 91.5672913117547


1399611 1381977 91.5708812260536
1399867 1382235 91.5708812260536


1296398 1240202 91.5744680851064
1297571 1241375 91.5744680851064


1240202 1296398 91.5744680851064
1241375 1297571 91.5744680851064


1267921 1150416 91.6004540295119
1271430 1153898 91.6004540295119


1150416 1267921 91.6004540295119
1153898 1271430 91.6004540295119


1386892 1178504 91.6063675832127
1387582 1179194 91.6063675832127


1178504 1386892 91.6063675832127
1179194 1387582 91.6063675832127


966678 971783 91.6666666666667
966998 972100 91.6666666666667


971783 966678 91.6666666666667
972100 966998 91.6666666666667


1395540 1381977 91.6666666666667
1397359 1383723 91.6666666666667


1393150 1397042 91.7125171939477
1396049 1399864 91.7125171939477


1329318 1267924 91.7371148077447
1332978 1271585 91.7371148077447


1267924 1329318 91.7371148077447
1271585 1332978 91.7371148077447


1386892 1331584 91.7510853835022
1387582 1332274 91.7510853835022


1493092 1386892 91.7510853835022
1493782 1387582 91.7510853835022


1331584 1386892 91.7510853835022
1332274 1387582 91.7510853835022


1386892 1493092 91.7510853835022
1387582 1493782 91.7510853835022


1394028 1393148 91.7745231607629
1399867 1398804 91.7745231607629


1381993 1383243 91.7864476386037
1382477 1383723 91.7864476386037


1393148 1398355 91.8611987381703
1394732 1399864 91.8611987381703


1381977 1383166 91.8727915194346
1382540 1383723 91.8727915194346


1383166 1381977 91.8727915194346
1383723 1382540 91.8727915194346


1381977 1399611 91.8803418803419
1382208 1399840 91.8803418803419


1380789 1400930 91.8918918918919
1381268 1401409 91.8918918918919


1400930 1380789 91.8918918918919
1401409 1381268 91.8918918918919


1399548 1381977 91.9254658385093
1399867 1382298 91.9254658385093


1383162 1393150 91.9298245614035
1383723 1393717 91.9298245614035


1393150 1383162 91.9298245614035
1393717 1383723 91.9298245614035


556814 556994 91.9354838709677
556937 557114 91.9354838709677


556994 556814 91.9354838709677
557114 556937 91.9354838709677


1179737 1153734 91.9395465994962
1180132 1154130 91.9395465994962


1153734 1179737 91.9395465994962
1154130 1180132 91.9395465994962


1530724 1183871 91.970802919708
1530860 1184004 91.970802919708


1183871 1530724 91.970802919708
1184004 1530860 91.970802919708


1399422 1381977 92
1399867 1382424 92


1312925 1189750 92.0099875156055
1313724 1190540 92.0099875156055


1189750 1312925 92.0099875156055
1190540 1313724 92.0099875156055


1381993 1383304 92.0199501246883
1382391 1383700 92.0199501246883


1383304 1381993 92.0199501246883
1383700 1382391 92.0199501246883


1396416 1393150 92.0241865822056
1399864 1396551 92.0241865822056


1383082 1393132 92.0245398773006
1383723 1393780 92.0245398773006


1393132 1383082 92.0245398773006
1393780 1383723 92.0245398773006


1386892 1270189 92.040520984081
1387582 1270879 92.040520984081


1270189 1386892 92.040520984081
1270879 1387582 92.040520984081


970566 970695 92.0529801324503
970710 970845 92.0529801324503


970695 970566 92.0529801324503
970845 970710 92.0529801324503


1381977 1395103 92.0589903573454
1383723 1396857 92.0589903573454


1176235 1150416 92.0735382760699
1179540 1153722 92.0735382760699


1150416 1176235 92.0735382760699
1153722 1179540 92.0735382760699


1499492 1276533 92.0792079207921
1500082 1277138 92.0792079207921


1276533 1499492 92.0792079207921
1277138 1500082 92.0792079207921


1490826 1176239 92.103694874851
1494173 1179580 92.103694874851


1176239 1490826 92.103694874851
1179580 1494173 92.103694874851


1206172 1175544 92.1320426904939
1210188 1179537 92.1320426904939


1175544 1206172 92.1320426904939
1179537 1210188 92.1320426904939


1529878 1529932 92.1348314606742
1530055 1530109 92.1348314606742


1529932 1529878 92.1348314606742
1530109 1530055 92.1348314606742


1393150 1394973 92.1364379084967
1397970 1399840 92.1364379084967


1394973 1393150 92.1364379084967
1399840 1397970 92.1364379084967


1393148 1397731 92.1860465116279
1395232 1399864 92.1860465116279


1397731 1393148 92.1860465116279
1399864 1395232 92.1860465116279


1381977 1399422 92.1985815602837
1382397 1399840 92.1985815602837


1381977 1399548 92.2033898305085
1382271 1399840 92.2033898305085


1334664 1181881 92.246835443038
1337796 1185022 92.246835443038


1181881 1334664 92.246835443038
1185022 1337796 92.246835443038


1381351 1355947 92.3711340206186
1381833 1356424 92.3711340206186


1355947 1381351 92.3711340206186
1356424 1381833 92.3711340206186


1381993 1398190 92.4215512137359
1383669 1399864 92.4215512137359


1381993 1395180 92.4355300859599
1383723 1396920 92.4355300859599


1395180 1381993 92.4355300859599
1396920 1383723 92.4355300859599


1181786 1155792 92.4576271186441
1182964 1156970 92.4576271186441


1155792 1181786 92.4576271186441
1156970 1182964 92.4576271186441


1398298 1381977 92.5252525252525
1399277 1382960 92.5252525252525


1352899 921663 92.5282363162467
1354048 922811 92.5282363162467


921663 1352899 92.5282363162467
922811 1354048 92.5282363162467


1393148 1394028 92.5475415453144
1398840 1399840 92.5475415453144


1394028 1393148 92.5475415453144
1399840 1398840 92.5475415453144


1383471 1393148 92.6070038910506
1383723 1393404 92.6070038910506


1393148 1383471 92.6070038910506
1393404 1383723 92.6070038910506


1379834 1182537 92.6174496644295
1379982 1182684 92.6174496644295


1375645 1296678 92.6174496644295
1375793 1296825 92.6174496644295


1296678 1375645 92.6174496644295
1296825 1375793 92.6174496644295


1182537 1379834 92.6174496644295
1182684 1379982 92.6174496644295


1312925 1281230 92.6294820717131
1313927 1282223 92.6294820717131


1281230 1312925 92.6294820717131
1282223 1313927 92.6294820717131


1381993 1383617 92.6605504587156
1382101 1383723 92.6605504587156


1383617 1381993 92.6605504587156
1383723 1382101 92.6605504587156


1316113 1254023 92.6740245068219
1327603 1265503 92.6740245068219


1254023 1316113 92.6740245068219
1265503 1327603 92.6740245068219


1316113 1162337 92.7000955939863
1327603 1173817 92.7000955939863


1162337 1316113 92.7000955939863
1173817 1327603 92.7000955939863


1383536 1393150 92.7083333333333
1383723 1393341 92.7083333333333


1393150 1383536 92.7083333333333
1393341 1383723 92.7083333333333


213003 214137 92.7272727272727
213167 214300 92.7272727272727


214137 213003 92.7272727272727
214300 213167 92.7272727272727


1105792 937525 92.7321668909825
1106532 938265 92.7321668909825


937525 1105792 92.7321668909825
938265 1106532 92.7321668909825


1381993 1397816 92.7793696275072
1383723 1399546 92.7793696275072


1397816 1381993 92.7793696275072
1399546 1383723 92.7793696275072


1356416 1105873 92.7877947295423
1357134 1106591 92.7877947295423


1105873 1356416 92.7877947295423
1106591 1357134 92.7877947295423


1393150 1394973 92.7955047160345
1398118 1399864 92.7955047160345


1394973 1393150 92.7955047160345
1399864 1398118 92.7955047160345


1381977 1382542 92.7973199329983
1383164 1383723 92.7973199329983


1381977 1399359 92.798353909465
1382460 1399840 92.798353909465


1398859 1381977 92.7991886409736
1399840 1382960 92.7991886409736


1393150 1399229 92.8125
1393787 1399864 92.8125


1399229 1393150 92.8125
1399864 1393787 92.8125


1316113 1136343 92.8136948209941
1327604 1147826 92.8136948209941


1136343 1316113 92.8136948209941
1147826 1327604 92.8136948209941


1381993 1398688 92.8451178451178
1383174 1399867 92.8451178451178


1524327 1431786 92.8571428571429
1524452 1431911 92.8571428571429


1431786 1524327 92.8571428571429
1431911 1524452 92.8571428571429


1212307 1155791 92.8678304239401
1214306 1157789 92.8678304239401


1155791 1212307 92.8678304239401
1157789 1214306 92.8678304239401


967265 974353 92.8825622775801
967536 974633 92.8825622775801


974353 967265 92.8825622775801
974633 967536 92.8825622775801


1490814 1150408 92.8827751196172
1494151 1153741 92.8827751196172


1150408 1490814 92.8827751196172
1153741 1494151 92.8827751196172


1381993 1396058 92.8939828080229
1383723 1397798 92.8939828080229


1396058 1381993 92.8939828080229
1397798 1383723 92.8939828080229


1273318 1181866 92.9026387625114
1274416 1182964 92.9026387625114


1181866 1273318 92.9026387625114
1182964 1274416 92.9026387625114


1393148 1399729 92.9078014184397
1393288 1399867 92.9078014184397


1399729 1393148 92.9078014184397
1399867 1393288 92.9078014184397


1499321 1184980 92.9096252755327
1502011 1187661 92.9096252755327


1184980 1499321 92.9096252755327
1187661 1502011 92.9096252755327


966678 974321 92.910447761194
966945 974576 92.910447761194


974321 966678 92.910447761194
974576 966945 92.910447761194


1399233 1381977 92.9245283018868
1399864 1382610 92.9245283018868


1396040 1393150 92.9332294102364
1399864 1396927 92.9332294102364


1393150 1396164 92.9477020602219
1396927 1399864 92.9477020602219


1329318 1176238 92.9808841099164
1332657 1179580 92.9808841099164


1176238 1329318 92.9808841099164
1179580 1332657 92.9808841099164


1334662 1212401 93.0018416206262
1335747 1213486 93.0018416206262


1212401 1334662 93.0018416206262
1213486 1335747 93.0018416206262


1381977 1382290 93.015214384509
1383412 1383723 93.015214384509


1382290 1381977 93.015214384509
1383723 1383412 93.015214384509


1381977 1395666 93.015332197615
1383723 1397422 93.015332197615


1395666 1381977 93.015332197615
1397422 1383723 93.015332197615


1382162 1393150 93.0291508238276
1383723 1394725 93.0291508238276


1393150 1382162 93.0291508238276
1394725 1383723 93.0291508238276


1299652 1243505 93.0493936705117
1303023 1246852 93.0493936705117


1243505 1299652 93.0493936705117
1246852 1303023 93.0493936705117


1393150 1399166 93.0594900849858
1393853 1399867 93.0594900849858


1399166 1393150 93.0594900849858
1399867 1393853 93.0594900849858


1393589 1393150 93.0666241632133
