#-- reverse hits sorted by %sim
0 0 0
0 0 0


1394788 1373652 57.2847682119205
1395089 1373477 57.2847682119205


1395416 1373652 67.7824267782427
1395652 1373477 67.7824267782427


1396859 1373652 67.7824267782427
1397095 1373477 67.7824267782427


1398251 1373636 68.3257918552036
1398471 1373477 68.3257918552036


1396623 1373636 68.609865470852
1396845 1373477 68.609865470852


1382605 1373652 68.7763713080169
1382841 1373477 68.7763713080169


1393483 1373636 69.0582959641256
1393705 1373477 69.0582959641256


1395180 1373636 69.0582959641256
1395402 1373477 69.0582959641256


1395981 1373652 69.4560669456067
1396217 1373477 69.4560669456067


1397424 1373652 69.4560669456067
1397660 1373477 69.4560669456067


1394664 1373652 70.2928870292887
1394900 1373477 70.2928870292887


1382979 1373652 71.1297071129707
1383215 1373477 71.1297071129707


1382353 1373652 71.5481171548117
1382591 1373477 71.5481171548117


1382227 1373652 71.9665271966527
1382465 1373477 71.9665271966527


990988 1432135 73.6842105263158
991196 1431981 73.6842105263158


1183058 917627 78.3231083844581
1183540 917142 78.3231083844581


917142 1183540 78.3231083844581
917627 1183058 78.3231083844581


1504952 775367 79.0035587188612
1505781 774538 79.0035587188612


774538 1505781 79.0035587188612
775367 1504952 79.0035587188612


1337754 1238265 80.7692307692308
1338488 1237537 80.7692307692308


1237537 1338488 80.7692307692308
1238265 1337754 80.7692307692308


1080273 1017089 81.1834319526627
1081114 1016248 81.1834319526627


1016248 1081114 81.1834319526627
1017089 1080273 81.1834319526627


993079 1430813 81.4119749776586
994148 1429699 81.4119749776586


1429699 994148 81.5742397137746
1430813 993079 81.5742397137746


1385646 1302345 81.5789473684211
1385909 1302081 81.5789473684211


1302081 1385909 81.5789473684211
1302345 1385646 81.5789473684211


1298995 1085441 81.7567567567568
1299290 1085158 81.7567567567568


1085158 1299290 81.7567567567568
1085441 1298995 81.7567567567568


1079037 932798 81.8181818181818
1079979 931859 81.8181818181818


931859 1079979 81.8181818181818
932798 1079037 81.8181818181818


1532662 1386265 81.8181818181818
1533206 1385723 81.8181818181818


1385723 1533206 81.8181818181818
1386265 1532662 81.8181818181818


1406601 956755 81.9951338199513
1407420 955936 81.9951338199513


955936 1407420 81.9951338199513
956755 1406601 81.9951338199513


1242620 1154597 82.0330969267139
1243029 1154176 82.0330969267139


1154176 1243029 82.0330969267139
1154597 1242620 82.0330969267139


1017571 1344337 82.0546163849155
1018335 1343573 82.0546163849155


1343573 1018335 82.0779220779221
1344337 1017571 82.0779220779221


1519493 1149118 82.2946175637394
1520191 1148422 82.2946175637394


1148422 1520191 82.2946175637394
1149118 1519493 82.2946175637394


1409469 1093857 82.3209428830462
1411654 1091658 82.3209428830462


1091658 1411654 82.3209428830462
1093857 1409469 82.3209428830462


1016248 962151 82.3815309842041
1017067 961332 82.3815309842041


961332 1017067 82.3815309842041
962151 1016248 82.3815309842041


1374365 1213564 82.3899371069182
1374838 1213094 82.3899371069182


1213094 1374838 82.3899371069182
1213564 1374365 82.3899371069182


990988 1431994 82.4267782426778
991430 1431552 82.4267782426778


931859 961016 82.521186440678
932799 960073 82.521186440678


960073 932799 82.521186440678
961016 931859 82.521186440678


914192 923988 82.5595984943538
914978 923196 82.5595984943538


923196 914978 82.5595984943538
923988 914192 82.5595984943538


1496978 1374838 82.5995807127883
1497448 1374365 82.5995807127883


1374365 1497448 82.5995807127883
1374838 1496978 82.5995807127883


1017583 960825 82.6490066225166
1018335 960073 82.6490066225166


960073 1018335 82.6490066225166
960825 1017583 82.6490066225166


1293033 991348 82.7586206896552
1293438 990955 82.7586206896552


990955 1293438 82.7586206896552
991348 1293033 82.7586206896552


1294810 1337324 82.9596412556054
1295468 1336669 82.9596412556054


1336669 1295468 82.9850746268657
1337324 1294810 82.9850746268657


1344831 1017074 83.0324909747292
1345657 1016248 83.0324909747292


1016248 1345657 83.0324909747292
1017074 1344831 83.0324909747292


1385723 1246116 83.0601092896175
1386265 1245572 83.0601092896175


1245572 1386265 83.0601092896175
1246116 1385723 83.0601092896175


1524243 991193 83.1275720164609
1524483 990953 83.1275720164609


990953 1524483 83.1275720164609
991193 1524243 83.1275720164609


1298576 1154829 83.1797235023041
1299008 1154397 83.1797235023041


1154397 1299008 83.1797235023041
1154829 1298576 83.1797235023041


1525607 1498960 83.2831325301205
1526261 1498303 83.2831325301205


1498303 1526261 83.2831325301205
1498960 1525607 83.2831325301205


1524288 1180282 83.4254143646409
1524468 1180102 83.4254143646409


1180102 1524468 83.4254143646409
1180282 1524288 83.4254143646409


1431894 991196 83.4710743801653
1432135 990988 83.4710743801653


1431556 1085690 83.5195530726257
1431911 1085333 83.5195530726257


1085333 1431911 83.5195530726257
1085690 1431556 83.5195530726257


1514088 959928 83.5862068965517
1514808 959209 83.5862068965517


959209 1514808 83.5862068965517
959928 1514088 83.5862068965517


1524257 1180367 83.6538461538462
1524464 1180160 83.6538461538462


1180160 1524464 83.6538461538462
1180367 1524257 83.6538461538462


1389201 1296884 83.7765957446808
1389950 1296150 83.7765957446808


1296150 1389950 83.7765957446808
1296884 1389201 83.7765957446808


1431634 1129268 83.89662027833
1432121 1128769 83.89662027833


1128769 1432121 83.89662027833
1129268 1431634 83.89662027833


1519826 1205449 84.0970350404313
1520191 1205080 84.0970350404313


1205080 1520191 84.0970350404313
1205449 1519826 84.0970350404313


1502017 956925 84.4539448115041
1504587 954355 84.4539448115041


954355 1504587 84.4539448115041
956925 1502017 84.4539448115041


1372884 990331 84.4736842105263
1373262 989954 84.4736842105263


989954 1373262 84.4736842105263
990331 1372884 84.4736842105263


1405754 957593 84.6385542168675
1406085 957262 84.6385542168675


957262 1406085 84.6385542168675
957593 1405754 84.6385542168675


1081220 1016142 84.6481876332623
1082154 1015208 84.6481876332623


1015208 1082154 84.6481876332623
1016142 1081220 84.6481876332623


1286827 1161460 84.6501128668172
1288587 1159701 84.6501128668172


1159701 1288587 84.6501128668172
1161460 1286827 84.6501128668172


1277261 1524499 84.7058823529412
1277430 1524330 84.7058823529412


1380791 1240594 84.86646884273
1381127 1240258 84.86646884273


1015205 963194 84.877529286475
1016142 962257 84.877529286475


962257 1016142 84.877529286475
963194 1015205 84.877529286475


1524330 1277430 84.9206349206349
1524455 1277305 84.9206349206349


1286827 1253146 84.9503437738732
1288128 1251848 84.9503437738732


1251848 1288128 84.9503437738732
1253146 1286827 84.9503437738732


1384995 964996 84.9514563106796
1385198 964793 84.9514563106796


964793 1385198 84.9514563106796
964996 1384995 84.9514563106796


1494701 1242918 85.0152905198777
1495027 1242604 85.0152905198777


1242604 1495027 85.0152905198777
1242918 1494701 85.0152905198777


1493877 1214523 85.0299401197605
1494038 1214360 85.0299401197605


1214360 1494038 85.0299401197605
1214523 1493877 85.0299401197605


1293230 1154469 85.1528384279476
1293457 1154243 85.1528384279476


1154243 1293457 85.1528384279476
1154469 1293230 85.1528384279476


1431552 991430 85.2417302798982
1431907 991042 85.2417302798982


1431634 1277585 85.3260869565217
1431998 1277221 85.3260869565217


1277221 1431998 85.3260869565217
1277585 1431634 85.3260869565217


1238626 1158548 85.3674983142279
1240092 1157083 85.3674983142279


1157083 1240092 85.3674983142279
1158548 1238626 85.3674983142279


1343573 932799 85.4111405835544
1344325 932050 85.4111405835544


932050 1344325 85.4111405835544
932799 1343573 85.4111405835544


1240211 1381174 85.4166666666667
1240594 1380791 85.4166666666667


1527354 1381174 85.4166666666667
1527737 1380791 85.4166666666667


1380791 1527737 85.4166666666667
1381174 1527354 85.4166666666667


1524684 1338944 85.459940652819
1525019 1338608 85.459940652819


1338608 1525019 85.459940652819
1338944 1524684 85.459940652819


1407526 955830 85.5165069222577
1408463 954893 85.5165069222577


954893 1408463 85.5165069222577
955830 1407526 85.5165069222577


1400906 1296816 85.553772070626
1401525 1296200 85.553772070626


1296200 1401525 85.553772070626
1296816 1400906 85.553772070626


1410723 1113468 85.5591748099891
1411634 1112553 85.5591748099891


1112553 1411634 85.5591748099891
1113468 1410723 85.5591748099891


1230727 1192169 85.5898123324397
1232208 1190688 85.5898123324397


1190688 1232208 85.5898123324397
1192169 1230727 85.5898123324397


1516762 990723 85.6521739130435
1517219 990266 85.6521739130435


990266 1517219 85.6521739130435
990723 1516762 85.6521739130435


1511426 964720 85.7429718875502
1511916 964236 85.7429718875502


964236 1511916 85.7429718875502
964720 1511426 85.7429718875502


1405303 932829 86.0791826309068
1406085 932050 86.0791826309068


932050 1406085 86.0791826309068
932829 1405303 86.0791826309068


1431894 991196 86.1423220973783
1432137 990932 86.1423220973783


990932 1432137 86.1423220973783
991196 1431894 86.1423220973783


1345763 1016142 86.1554845580405
1346700 1015205 86.1554845580405


1015205 1346700 86.1554845580405
1016142 1345763 86.1554845580405


1374455 1182955 86.1979166666667
1374838 1182572 86.1979166666667


1182572 1374838 86.1979166666667
1182955 1374455 86.1979166666667


1374455 1335738 86.2337662337662
1374838 1335355 86.2337662337662


1335355 1374838 86.2337662337662
1335738 1374455 86.2337662337662


1431834 1277244 86.4285714285714
1431972 1277106 86.4285714285714


1277106 1431972 86.4285714285714
1277244 1431834 86.4285714285714


1128944 1524499 86.4705882352941
1129113 1524330 86.4705882352941


1298941 1085441 86.5217391304348
1299170 1085212 86.5217391304348


1085212 1299170 86.5217391304348
1085441 1298941 86.5217391304348


1524343 1129100 86.6242038216561
1524499 1128944 86.6242038216561


1298939 1085389 86.6379310344828
1299170 1085158 86.6379310344828


1085158 1299170 86.6379310344828
1085389 1298939 86.6379310344828


1374362 1389771 86.6666666666667
1374840 1389293 86.6666666666667


1389293 1374840 86.6666666666667
1389771 1374362 86.6666666666667


1431786 991055 86.71875
1431909 990932 86.71875


990932 1431909 86.71875
991055 1431786 86.71875


1493881 1184004 86.7647058823529
1494014 1183871 86.7647058823529


1183871 1494014 86.7647058823529
1184004 1493881 86.7647058823529


1524321 1277244 86.8055555555556
1525019 1276534 86.8055555555556


1276534 1525019 86.8055555555556
1277244 1524321 86.8055555555556


1524265 1185927 86.845466155811
1525019 1185149 86.845466155811


1185149 1525019 86.845466155811
1185927 1524265 86.845466155811


1298939 1085335 86.8686868686869
1299136 1085138 86.8686868686869


1085138 1299136 86.8686868686869
1085335 1298939 86.8686868686869


1518740 1176530 86.9415807560137
1519028 1176242 86.9415807560137


1176242 1519028 86.9415807560137
1176530 1518740 86.9415807560137


1080209 1111141 87.2047244094488
1080714 1110634 87.2047244094488


1110634 1080714 87.2047244094488
1111141 1080209 87.2047244094488


1389193 1240696 87.229862475442
1389699 1240189 87.229862475442


1240189 1389699 87.229862475442
1240696 1389193 87.229862475442


1527332 1389699 87.2509960159363
1527833 1389199 87.2509960159363


1389199 1527833 87.2509960159363
1389699 1527332 87.2509960159363


1344749 1111144 87.2549019607843
1345255 1110636 87.2549019607843


1110636 1345255 87.2549019607843
1111144 1344749 87.2549019607843


1333222 1298931 87.4213836477987
1333539 1298615 87.4213836477987


1298615 1333539 87.4213836477987
1298931 1333222 87.4213836477987


1270974 1214523 87.4251497005988
1271135 1214360 87.4251497005988


1214360 1271135 87.4251497005988
1214523 1270974 87.4251497005988


1525135 1159017 87.488986784141
1526262 1157898 87.488986784141


1337754 1294449 87.6984126984127
1338500 1293701 87.6984126984127


1293701 1338500 87.6984126984127
1294449 1337754 87.6984126984127


1432017 1129113 87.719298245614
1432185 1128945 87.719298245614


1128945 1432185 87.719298245614
1129113 1432017 87.719298245614


1525135 1185022 87.7729257641921
1526272 1183884 87.7729257641921


1183884 1526272 87.7729257641921
1185022 1525135 87.7729257641921


1157967 1526185 87.7956480605487
1159017 1525135 87.7956480605487


1239017 1214677 87.8365831012071
1240083 1213608 87.8365831012071


1213608 1240083 87.8365831012071
1214677 1239017 87.8365831012071


1524691 1216002 87.8655880522713
1526260 1214408 87.8655880522713


1214408 1526260 87.8655880522713
1216002 1524691 87.8655880522713


1518740 1207177 87.9725085910653
1519028 1206889 87.9725085910653


1206889 1519028 87.9725085910653
1207177 1518740 87.9725085910653


1369940 1105542 88.0067567567568
1370530 1104953 88.0067567567568


1104953 1370530 88.0067567567568
1105542 1369940 88.0067567567568


1214360 1179453 88.0239520958084
1214523 1179289 88.0239520958084


1179289 1214523 88.0239520958084
1179453 1214360 88.0239520958084


1400906 1240620 88.0778588807786
1401315 1240211 88.0778588807786


1240211 1401315 88.0778588807786
1240620 1400906 88.0778588807786


1527354 1401315 88.0778588807786
1527763 1400906 88.0778588807786


1400906 1527763 88.0778588807786
1401315 1527354 88.0778588807786


1293337 1277239 88.2136279926335
1293878 1276713 88.2136279926335


1276713 1293878 88.2136279926335
1277239 1293337 88.2136279926335


1411762 1011890 88.5771543086172
1412756 1010901 88.5771543086172


1010901 1412756 88.5771543086172
1011890 1411762 88.5771543086172


1242405 1211300 88.631090487239
1242835 1210870 88.631090487239


1210870 1242835 88.631090487239
1211300 1242405 88.631090487239


1373477 1398534 88.6363636363636
1373652 1398361 88.6363636363636


1398361 1373652 88.6363636363636
1398534 1373477 88.6363636363636


1526124 1243796 88.6524822695035
1526262 1243660 88.6524822695035


1243660 1526262 88.6524822695035
1243796 1526124 88.6524822695035


1294810 1184550 88.6868686868687
1296285 1183074 88.6868686868687


1183074 1296285 88.6868686868687
1184550 1294810 88.6868686868687


1524474 1159701 88.6925795053003
1525023 1159140 88.6925795053003


1159140 1525023 88.6925795053003
1159701 1524474 88.6925795053003


1375642 1401046 88.7096774193548
1375826 1400866 88.7096774193548


1400866 1375826 88.7096774193548
1401046 1375642 88.7096774193548


1274538 1240083 88.7142857142857
1275231 1239394 88.7142857142857


1239394 1275231 88.7142857142857
1240083 1274538 88.7142857142857


1299036 1180347 88.7820512820513
1299659 1179737 88.7820512820513


1179737 1299659 88.7820512820513
1180347 1299036 88.7820512820513


1526479 1275293 88.8010540184453
1527226 1274538 88.8010540184453


1274538 1527226 88.8010540184453
1275293 1526479 88.8010540184453


1312921 1233283 88.9968895800933
1315475 1230727 88.9968895800933


1230727 1315475 88.9968895800933
1233283 1312921 88.9968895800933


1402347 1126852 89.0345649582837
1403171 1126015 89.0345649582837


1126015 1403171 89.0345649582837
1126852 1402347 89.0345649582837


1110456 957023 89.0710382513661
1110638 956841 89.0710382513661


956841 1110638 89.0710382513661
957023 1110456 89.0710382513661


1431634 1186104 89.0909090909091
1431798 1185940 89.0909090909091


1185940 1431798 89.0909090909091
1186104 1431634 89.0909090909091


1237539 1216002 89.1156462585034
1237684 1215856 89.1156462585034


1215856 1237684 89.1156462585034
1216002 1237539 89.1156462585034


1509089 903350 89.1566265060241
1509253 903189 89.1566265060241


903189 1509253 89.1566265060241
903350 1509089 89.1566265060241


1343487 958100 89.1656288916563
1347496 954100 89.1656288916563


954100 1347496 89.1683266932271
958100 1343487 89.1683266932271


1373477 1382902 89.2045454545455
1373652 1382731 89.2045454545455


1382731 1373652 89.2045454545455
1382902 1373477 89.2045454545455


1500288 1431800 89.2215568862275
1500454 1431634 89.2215568862275


1431634 1500454 89.2215568862275
1431800 1500288 89.2215568862275


1515247 907352 89.5043731778426
1515929 906673 89.5043731778426


906673 1515929 89.5043731778426
907352 1515247 89.5043731778426


1079037 958013 89.5142636854279
1082918 954127 89.5142636854279


954127 1082918 89.5142636854279
958013 1079037 89.5142636854279


1536607 932829 89.6174863387978
1536789 932647 89.6174863387978


932647 1536789 89.6174863387978
932829 1536607 89.6174863387978


1127209 951335 89.6955503512881
1128059 950492 89.6955503512881


950492 1128059 89.6955503512881
951335 1127209 89.6955503512881


1332373 1184004 89.7058823529412
1332504 1183871 89.7058823529412


1183871 1332504 89.7058823529412
1184004 1332373 89.7058823529412


1157083 1527235 89.7377423033067
1157949 1526364 89.7377423033067


1526364 1157949 89.749430523918
1527235 1157083 89.749430523918


1516533 1075554 89.7540983606557
1516775 1075314 89.7540983606557


1075314 1516775 89.7540983606557
1075554 1516533 89.7540983606557


1236924 991348 89.7590361445783
1237089 991183 89.7590361445783


991183 1237089 89.7590361445783
991348 1236924 89.7590361445783


1373477 1383711 89.7727272727273
1373652 1383540 89.7727272727273


1373477 1393516 89.7727272727273
1373652 1393343 89.7727272727273


1373477 1398471 89.7727272727273
1373652 1398298 89.7727272727273


1373477 1396656 89.7727272727273
1373652 1396483 89.7727272727273


1373477 1395589 89.7727272727273
1373652 1395416 89.7727272727273


1373477 1397032 89.7727272727273
1373652 1396859 89.7727272727273


1383540 1373652 89.7727272727273
1383711 1373477 89.7727272727273


1393343 1373652 89.7727272727273
1393516 1373477 89.7727272727273


1396483 1373652 89.7727272727273
1396656 1373477 89.7727272727273


1083450 956542 89.7769516728625
1083987 956005 89.7769516728625


956005 1083987 89.7769516728625
956542 1083450 89.7769516728625


1525133 1337798 89.8245614035088
1526261 1336669 89.8245614035088


1336669 1526261 89.8245614035088
1337798 1525133 89.8245614035088


1335857 1296285 89.873417721519
1336563 1295580 89.873417721519


1295580 1336563 89.873417721519
1296285 1335857 89.873417721519


1518740 1329610 89.9653979238754
1519028 1329322 89.9653979238754


1329322 1519028 89.9653979238754
1329610 1518740 89.9653979238754


1518740 1268216 90.0343642611684
1519028 1267928 90.0343642611684


1267928 1519028 90.0343642611684
1268216 1518740 90.0343642611684


1530724 1295490 90.0709219858156
1530864 1295355 90.0709219858156


1295355 1530864 90.0709219858156
1295490 1530724 90.0709219858156


1153475 1158002 90.0763358778626
1153605 1157877 90.0763358778626


1157877 1153605 90.0763358778626
1158002 1153475 90.0763358778626


1336669 1179403 90.0900900900901
1336775 1179293 90.0900900900901


1179293 1336775 90.0900900900901
1179403 1336669 90.0900900900901


1299652 1332635 90.0900900900901
1302977 1329337 90.0900900900901


1329337 1302977 90.1230861603122
1332635 1299652 90.1230861603122


1529916 1500270 90.1408450704225
1530057 1500129 90.1408450704225


1500129 1530057 90.1408450704225
1500270 1529916 90.1408450704225


1295201 1214677 90.210970464135
1297556 1212328 90.210970464135


1212328 1297556 90.210970464135
1214677 1295201 90.210970464135


1526529 1214306 90.2995720399429
1527226 1213608 90.2995720399429


1213608 1527226 90.2995720399429
1214306 1526529 90.2995720399429


1373477 1395276 90.3409090909091
1373652 1395103 90.3409090909091


1373477 1393579 90.3409090909091
1373652 1393406 90.3409090909091


1373477 1396719 90.3409090909091
1373652 1396546 90.3409090909091


1373477 1398284 90.3409090909091
1373652 1398113 90.3409090909091


1393406 1373652 90.3409090909091
1393579 1373477 90.3409090909091


1395103 1373652 90.3409090909091
1395276 1373477 90.3409090909091


1396546 1373652 90.3409090909091
1396719 1373477 90.3409090909091


1398113 1373652 90.3409090909091
1398284 1373477 90.3409090909091


1498303 1153580 90.3508771929825
1498415 1153471 90.3508771929825


1153471 1498415 90.3508771929825
1153580 1498303 90.3508771929825


1523784 1500605 90.3881700554529
1524303 1500065 90.3881700554529


1500065 1524303 90.3881700554529
1500605 1523784 90.3881700554529


1110636 961749 90.3921568627451
1111144 961243 90.3921568627451


961243 1111144 90.3921568627451
961749 1110636 90.3921568627451


1375645 1213206 90.6040268456376
1375793 1213058 90.6040268456376


1213058 1375793 90.6040268456376
1213206 1375645 90.6040268456376


1334662 1241287 90.634328358209
1337324 1238626 90.634328358209


1238626 1337324 90.634328358209
1241287 1334662 90.634328358209


1527345 1497370 90.6367041198502
1528678 1496037 90.6367041198502


1496037 1528678 90.6367041198502
1497370 1527345 90.6367041198502


1238626 1184550 90.6633020908435
1241377 1181789 90.6633020908435


1181789 1241377 90.6633020908435
1184550 1238626 90.6633020908435


1386875 1300728 90.6779661016949
1387582 1300021 90.6779661016949


1300021 1387582 90.6779661016949
1300728 1386875 90.6779661016949


1373477 1397912 90.7142857142857
1373616 1397773 90.7142857142857


1104695 940895 90.8108108108108
1105799 939797 90.8108108108108


939797 1105799 90.8108108108108
940895 1104695 90.8108108108108


1518740 1491118 90.8227848101266
1519053 1490804 90.8227848101266


1490804 1519053 90.8227848101266
1491118 1518740 90.8227848101266


1373477 1382841 90.9090909090909
1373652 1382668 90.9090909090909


1373477 1399782 90.9090909090909
1373652 1399611 90.9090909090909


1373477 1382780 90.9090909090909
1373652 1382605 90.9090909090909


1399611 1373652 90.9090909090909
1399782 1373477 90.9090909090909


941942 947841 91.0098522167488
942749 947033 91.0098522167488


947033 942749 91.0098522167488
947841 941942 91.0098522167488


1373477 1398597 91.25
1373636 1398438 91.25


1373477 1398782 91.25
1373636 1398627 91.25


1373477 1398660 91.25
1373636 1398501 91.25


1397753 1373636 91.25
1397912 1373477 91.25


1398438 1373636 91.25
1398597 1373477 91.25


1398501 1373636 91.25
1398660 1373477 91.25


1398627 1373636 91.25
1398782 1373477 91.25


1240202 1156970 91.3285600636436
1241456 1155716 91.3285600636436


1155716 1241456 91.3285600636436
1156970 1240202 91.3285600636436


1373477 1395841 91.4772727272727
1373652 1395666 91.4772727272727


1373477 1397284 91.4772727272727
1373652 1397109 91.4772727272727


1373477 1399030 91.4772727272727
1373652 1398859 91.4772727272727


1395666 1373652 91.4772727272727
1395841 1373477 91.4772727272727


1397109 1373652 91.4772727272727
1397284 1373477 91.4772727272727


1398859 1373652 91.4772727272727
1399030 1373477 91.4772727272727


1386892 1244559 91.6063675832127
1387582 1243869 91.6063675832127


1243869 1387582 91.6063675832127
1244559 1386892 91.6063675832127


1332373 1158002 91.6666666666667
1332504 1157877 91.6666666666667


1157877 1332504 91.6666666666667
1158002 1332373 91.6666666666667


1398190 1373636 91.6666666666667
1398319 1373505 91.6666666666667


1294810 1158548 91.6907514450867
1297571 1155797 91.6907514450867


1155797 1297571 91.6907514450867
1158548 1294810 91.6907514450867


1373477 1398721 91.875
1373636 1398564 91.875


1373477 1398347 91.875
1373636 1398190 91.875


1373477 1398410 91.875
1373636 1398251 91.875


1398564 1373636 91.875
1398721 1373477 91.875


1329337 1246806 91.8796592119276
1333086 1243054 91.8796592119276


1243054 1333086 91.8796592119276
1246806 1329337 91.8796592119276


1374361 1401409 91.8918918918919
1374840 1400930 91.8918918918919


1382542 1373652 91.8918918918919
1382689 1373505 91.8918918918919


1400930 1374840 91.8918918918919
1401409 1374361 91.8918918918919


1530438 1332790 91.9140871762476
1533602 1329631 91.9140871762476


1329631 1533602 91.9140871762476
1332790 1530438 91.9140871762476


1243496 1179567 91.9161676646707
1246828 1176235 91.9161676646707


1176235 1246828 91.9161676646707
1179567 1243496 91.9161676646707


1530959 1387582 92.040520984081
1531649 1386892 92.040520984081


1386892 1531649 92.040520984081
1387582 1530959 92.040520984081


1373477 1394774 92.0454545454545
1373652 1394601 92.0454545454545


1373477 1395778 92.0454545454545
1373652 1395603 92.0454545454545


1373477 1399721 92.0454545454545
1373652 1399548 92.0454545454545


1373477 1383337 92.0454545454545
1373652 1383166 92.0454545454545


1373477 1397221 92.0454545454545
1373652 1397046 92.0454545454545


1373477 1399282 92.0454545454545
1373652 1399107 92.0454545454545


1373477 1396154 92.0454545454545
1373652 1395981 92.0454545454545


1373477 1382717 92.0454545454545
1373652 1382542 92.0454545454545


1373477 1396343 92.0454545454545
1373652 1396168 92.0454545454545


1373477 1397786 92.0454545454545
1373652 1397611 92.0454545454545


1373477 1397597 92.0454545454545
1373652 1397424 92.0454545454545


1383166 1373652 92.0454545454545
1383337 1373477 92.0454545454545


1394601 1373652 92.0454545454545
1394774 1373477 92.0454545454545


1395603 1373652 92.0454545454545
1395778 1373477 92.0454545454545


1397046 1373652 92.0454545454545
1397221 1373477 92.0454545454545


1399107 1373652 92.0454545454545
1399282 1373477 92.0454545454545


1399548 1373652 92.0454545454545
1399721 1373477 92.0454545454545


1128788 1524241 92.0529801324503
1128938 1524091 92.0529801324503


1104598 938339 92.089925062448
1105793 937150 92.089925062448


937150 1105793 92.089925062448
938339 1104598 92.089925062448


1526479 1498240 92.1156373193167
1527235 1497483 92.1156373193167


1497483 1527235 92.1156373193167
1498240 1526479 92.1156373193167


1524102 1128927 92.1428571428571
1524241 1128788 92.1428571428571


1526124 1299948 92.1428571428571
1526262 1299812 92.1428571428571


1299812 1526262 92.1428571428571
1299948 1526124 92.1428571428571


1103101 966289 92.1511627906977
1103440 965950 92.1511627906977


965950 1103440 92.1511627906977
966289 1103101 92.1511627906977


1206882 1302999 92.1702887764215
1210207 1299655 92.1702887764215


1299655 1210207 92.2047009818506
1302999 1206882 92.2047009818506


1431981 991196 92.3566878980892
1432135 991042 92.3566878980892


1373796 1356424 92.3711340206186
1374278 1355947 92.3711340206186


1355947 1374278 92.3711340206186
1356424 1373796 92.3711340206186


1496191 1241381 92.3728813559322
1497370 1240202 92.3728813559322


1240202 1497370 92.3728813559322
1241381 1496191 92.3728813559322


1519528 1266786 92.4618859401468
1523053 1263252 92.4618859401468


1263252 1523053 92.4618859401468
1266786 1519528 92.4618859401468


1373477 1398223 92.5
1373636 1398066 92.5


1398066 1373636 92.5
1398223 1373477 92.5


1519528 1175100 92.5183512140034
1523053 1171566 92.5183512140034


1171566 1523053 92.5183512140034
1175100 1519528 92.5183512140034


1493877 1498415 92.5675675675676
1494024 1498268 92.5675675675676


1498268 1494024 92.5675675675676
1498415 1493877 92.5675675675676


1209917 1214547 92.5925925925926
1210104 1214360 92.5925925925926


1214360 1210104 92.5925925925926
1214547 1209917 92.5925925925926


1299671 1179540 92.6003594967046
1302999 1176235 92.6003594967046


1373477 1394146 92.6136363636364
1373652 1393971 92.6136363636364


1373477 1394272 92.6136363636364
1373652 1394097 92.6136363636364


1373477 1394524 92.6136363636364
1373652 1394349 92.6136363636364


1373477 1394587 92.6136363636364
1373652 1394412 92.6136363636364


1373477 1394650 92.6136363636364
1373652 1394475 92.6136363636364


1373477 1395213 92.6136363636364
1373652 1395040 92.6136363636364


1373477 1382213 92.6136363636364
1373652 1382040 92.6136363636364


1373477 1383650 92.6136363636364
1373652 1383477 92.6136363636364


1373477 1398162 92.6136363636364
1373652 1397989 92.6136363636364


1373477 1396969 92.6136363636364
1373652 1396796 92.6136363636364


1373477 1393392 92.6136363636364
1373652 1393217 92.6136363636364


1382040 1373652 92.6136363636364
1382213 1373477 92.6136363636364


1383477 1373652 92.6136363636364
1383650 1373477 92.6136363636364


1393217 1373652 92.6136363636364
1393392 1373477 92.6136363636364


1393971 1373652 92.6136363636364
1394146 1373477 92.6136363636364


1394097 1373652 92.6136363636364
1394272 1373477 92.6136363636364


1394349 1373652 92.6136363636364
1394524 1373477 92.6136363636364


1394412 1373652 92.6136363636364
1394587 1373477 92.6136363636364


1394475 1373652 92.6136363636364
1394650 1373477 92.6136363636364


1395040 1373652 92.6136363636364
1395213 1373477 92.6136363636364


1396796 1373652 92.6136363636364
1396969 1373477 92.6136363636364


1397989 1373652 92.6136363636364
1398162 1373477 92.6136363636364


1375645 1182684 92.6174496644295
1375793 1182537 92.6174496644295


1379834 1296825 92.6174496644295
1379982 1296678 92.6174496644295


1296678 1379982 92.6174496644295
1296825 1379834 92.6174496644295


1182537 1375793 92.6174496644295
1182684 1375645 92.6174496644295


1176235 1302999 92.6325247079964
1179540 1299671 92.6325247079964


1524471 1500038 92.6369863013699
1525053 1499459 92.6369863013699


1499459 1525053 92.6369863013699
1500038 1524471 92.6369863013699


1373528 1383723 92.6605504587156
1373636 1383617 92.6605504587156


1383617 1373636 92.6605504587156
1383723 1373528 92.6605504587156


1356416 1105332 92.6634768740032
1357039 1104707 92.6634768740032


1104707 1357039 92.6634768740032
1105332 1356416 92.6634768740032


1102201 1105106 92.6640926640927
1102716 1104590 92.6640926640927


1104590 1102716 92.6640926640927
1105106 1102201 92.6640926640927


1267921 1302999 92.6720285969616
1271242 1299652 92.6720285969616


1299652 1271242 92.7061625483775
1302999 1267921 92.7061625483775


1497483 1240092 92.7099841521395
1499367 1238219 92.7099841521395


1238219 1499367 92.7099841521395
1240092 1497483 92.7099841521395


1240202 1213486 92.8027095681626
1241382 1212306 92.8027095681626


1212306 1241382 92.8027095681626
1213486 1240202 92.8027095681626


1316079 1229824 92.8042572882925
1324707 1221204 92.8042572882925


1221204 1324707 92.8050896471949
1229824 1316079 92.8050896471949


1530571 1179580 92.8500823723229
1533602 1176551 92.8500823723229


1176551 1533602 92.8500823723229
1179580 1530571 92.8500823723229


1304945 1204487 92.8750313047834
1312921 1196523 92.8750313047834


1196523 1312921 92.8750313047834
1204487 1304945 92.8750313047834


1304933 1265519 92.9991248906113
1312921 1257544 92.9991248906113


1257544 1312921 92.9991248906113
1265519 1304933 92.9991248906113


1540448 1535195 93
1540547 1535096 93


1535096 1540547 93
1535195 1540448 93


1304933 1173833 93.0366295786973
1312921 1165858 93.0366295786973


1165858 1312921 93.0366295786973
1173833 1304933 93.0366295786973


1286827 1135466 93.0472909489508
1293198 1129103 93.0472909489508


1129103 1293198 93.0472909489508
1135466 1286827 93.0472909489508


1373477 1395652 93.125
1373636 1395493 93.125


1373477 1397660 93.125
1373636 1397501 93.125


1373477 1397095 93.125
1373636 1396936 93.125


1373477 1396217 93.125
1373636 1396058 93.125


1373477 1398845 93.125
1373636 1398688 93.125


1373477 1396469 93.125
1373636 1396310 93.125


1373477 1396532 93.125
1373636 1396373 93.125


1373477 1395339 93.125
1373636 1395180 93.125


1373477 1393642 93.125
1373636 1393483 93.125


1396310 1373636 93.125
1396469 1373477 93.125


1396373 1373636 93.125
1396532 1373477 93.125


1398688 1373636 93.125
1398845 1373477 93.125


1304945 1147829 93.1764116689621
1312921 1139864 93.1764116689621


1139864 1312921 93.1764116689621
1147829 1304945 93.1764116689621


1373477 1394209 93.1818181818182
1373652 1394034 93.1818181818182


1373477 1395526 93.1818181818182
1373652 1395353 93.1818181818182


1373477 1382654 93.1818181818182
1373652 1382479 93.1818181818182


1373477 1398099 93.1818181818182
1373652 1397926 93.1818181818182


1373477 1399345 93.1818181818182
1373652 1399170 93.1818181818182


1373477 1396908 93.1818181818182
1373652 1396733 93.1818181818182


1373477 1395465 93.1818181818182
1373652 1395290 93.1818181818182


1382479 1373652 93.1818181818182
1382654 1373477 93.1818181818182


1394034 1373652 93.1818181818182
1394209 1373477 93.1818181818182


1395290 1373652 93.1818181818182
1395465 1373477 93.1818181818182


1395353 1373652 93.1818181818182
1395526 1373477 93.1818181818182


1396733 1373652 93.1818181818182
1396908 1373477 93.1818181818182


1397926 1373652 93.1818181818182
1398099 1373477 93.1818181818182


1399170 1373652 93.1818181818182
1399345 1373477 93.1818181818182


1299652 1494151 93.2228469961527
1303023 1490798 93.2228469961527


1294403 1276420 93.2410685548761
1297489 1273325 93.2410685548761


1273325 1297489 93.2410685548761
1276420 1294403 93.2410685548761


1490798 1303023 93.2484453657092
1494151 1299652 93.2484453657092


1243505 1153741 93.3333333333333
1246852 1150392 93.3333333333333


1150392 1246852 93.3333333333333
1153741 1243505 93.3333333333333


1527345 1156970 93.4745762711864
1528524 1155791 93.4745762711864


1155791 1528524 93.4745762711864
1156970 1527345 93.4745762711864


1432017 1277430 93.4959349593496
1432139 1277308 93.4959349593496


1277308 1432139 93.4959349593496
1277430 1432017 93.4959349593496


1539171 966289 93.6416184971098
1539516 965950 93.6416184971098


965950 1539516 93.6416184971098
966289 1539171 93.6416184971098


1527345 1274416 93.6655405405405
1528527 1273234 93.6655405405405


1273234 1528527 93.6655405405405
1274416 1527345 93.6655405405405


1481423 1312921 93.7385236871098
1486848 1307486 93.7385236871098


1307486 1486848 93.7385236871098
1312921 1481423 93.7385236871098


1530593 1153741 93.7438261442213
1533620 1150715 93.7438261442213


1150715 1533620 93.7438261442213
1153741 1530593 93.7438261442213


1373477 1394461 93.75
1373652 1394286 93.75


1373477 1395904 93.75
1373636 1395745 93.75


1373477 1382591 93.75
1373652 1382416 93.75


1373477 1395715 93.75
1373652 1395540 93.75


1373477 1393455 93.75
1373652 1393280 93.75


1373477 1396595 93.75
1373652 1396420 93.75


1373477 1397723 93.75
1373652 1397548 93.75


1373477 1397534 93.75
1373652 1397361 93.75


1373477 1397347 93.75
1373636 1397188 93.75


1373477 1397158 93.75
1373652 1396983 93.75


1373477 1399219 93.75
1373652 1399044 93.75


1373477 1399093 93.75
1373636 1398936 93.75


1373477 1396091 93.75
1373652 1395918 93.75


1373477 1396280 93.75
1373652 1396105 93.75


1373477 1396782 93.75
1373636 1396623 93.75


1373477 1395026 93.75
1373652 1394851 93.75


1393280 1373652 93.75
1393455 1373477 93.75


1394286 1373652 93.75
1394461 1373477 93.75


1395540 1373652 93.75
1395715 1373477 93.75


1395745 1373636 93.75
1395904 1373477 93.75


1395918 1373652 93.75
1396091 1373477 93.75


1396105 1373652 93.75
1396280 1373477 93.75


1396420 1373652 93.75
1396595 1373477 93.75


1396983 1373652 93.75
1397158 1373477 93.75


1397188 1373636 93.75
1397347 1373477 93.75


1397361 1373652 93.75
1397534 1373477 93.75


1397548 1373652 93.75
1397723 1373477 93.75


1398936 1373636 93.75
1399093 1373477 93.75


1399044 1373652 93.75
1399219 1373477 93.75


1276713 1237703 93.7662337662338
1277094 1237319 93.7662337662338


1237319 1277094 93.7662337662338
1237703 1276713 93.7662337662338


1295355 1299926 93.8775510204082
1295498 1299782 93.8775510204082


1299782 1295498 93.8775510204082
1299926 1295355 93.8775510204082


1334662 1297483 93.9226519337017
1335747 1296398 93.9226519337017


1296398 1335747 93.9226519337017
1297483 1334662 93.9226519337017


1526409 1183898 93.935119887165
1528529 1181780 93.935119887165


1181780 1528529 93.935119887165
1183898 1526409 93.935119887165


1422781 1001045 94.0217391304348
1423331 1000495 94.0217391304348


1000495 1423331 94.0217391304348
1001045 1422781 94.0217391304348


1474846 1475346 94.0298507462687
1474977 1475213 94.0298507462687


1475213 1474977 94.0298507462687
1475346 1474846 94.0298507462687


1251848 1232016 94.0615835777126
1253211 1230653 94.0615835777126


1230653 1253211 94.0615835777126
1232016 1251848 94.0615835777126


1536586 1018386 94.1176470588235
1536789 1018183 94.1176470588235


1273363 1241255 94.1176470588235
1274416 1240202 94.1176470588235


1240202 1274416 94.1176470588235
1241255 1273363 94.1176470588235


1018183 1536789 94.1176470588235
1018386 1536586 94.1176470588235


1527345 1213486 94.1335740072202
1528451 1212380 94.1335740072202


1212380 1528451 94.1335740072202
1213486 1527345 94.1335740072202


1396168 1373652 94.3089430894309
1396290 1373530 94.3089430894309


1373477 1394020 94.3181818181818
1373652 1393845 94.3181818181818


1373477 1394335 94.3181818181818
1373652 1394160 94.3181818181818


1373477 1394713 94.3181818181818
1373652 1394538 94.3181818181818


1373477 1395152 94.3181818181818
1373652 1394977 94.3181818181818


1373477 1383089 94.3181818181818
1373652 1382916 94.3181818181818


1373477 1383276 94.3181818181818
1373652 1383103 94.3181818181818


1373477 1383589 94.3181818181818
1373652 1383414 94.3181818181818


1373477 1399408 94.3181818181818
1373652 1399233 94.3181818181818


1373477 1398969 94.3181818181818
1373652 1398796 94.3181818181818


1373477 1394837 94.3181818181818
1373652 1394664 94.3181818181818


1373477 1394963 94.3181818181818
1373652 1394788 94.3181818181818


1382916 1373652 94.3181818181818
1383089 1373477 94.3181818181818


1383103 1373652 94.3181818181818
1383276 1373477 94.3181818181818


1383414 1373652 94.3181818181818
1383589 1373477 94.3181818181818


1393845 1373652 94.3181818181818
1394020 1373477 94.3181818181818


1394160 1373652 94.3181818181818
1394335 1373477 94.3181818181818


1394538 1373652 94.3181818181818
1394713 1373477 94.3181818181818


1394977 1373652 94.3181818181818
1395152 1373477 94.3181818181818


1398796 1373652 94.3181818181818
1398969 1373477 94.3181818181818


1399233 1373652 94.3181818181818
1399408 1373477 94.3181818181818


1373477 1382965 94.375
1373636 1382808 94.375


1373477 1383400 94.375
1373636 1383243 94.375


1382808 1373636 94.375
1382965 1373477 94.375


1383243 1373636 94.375
1383400 1373477 94.375


1316079 1286036 94.4303797468354
1319630 1282483 94.4303797468354


1282483 1319630 94.4303797468354
1286036 1316079 94.4303797468354


1185344 1293859 94.4655041698256
1190540 1288590 94.4655041698256


1539525 1380282 94.475138121547
1539703 1380102 94.475138121547


1380102 1539703 94.475138121547
1380282 1539525 94.475138121547


1540320 1536789 94.5736434108527
1540448 1536661 94.5736434108527


1536661 1540448 94.5736434108527
1536789 1540320 94.5736434108527


1296398 1182964 94.578313253012
1297559 1181803 94.578313253012


1181803 1297559 94.578313253012
1182964 1296398 94.578313253012


1496282 1297486 94.6042003231018
1499367 1294403 94.6042003231018


1294403 1499367 94.6042003231018
1297486 1496282 94.6042003231018


1523050 1500802 94.6280991735537
1523290 1500561 94.6280991735537


1500561 1523290 94.6280991735537
1500802 1523050 94.6280991735537


1526530 1336563 94.640042038886
1528428 1334664 94.640042038886


1334664 1528428 94.640042038886
1336563 1526530 94.640042038886


1270974 1275468 94.6902654867257
1271086 1275356 94.6902654867257


1275356 1271086 94.6902654867257
1275468 1270974 94.6902654867257


1288590 1190540 94.6909366704589
1293859 1185344 94.6909366704589


1078230 1013205 94.6969696969697
1078491 1012942 94.6969696969697


1012942 1078491 94.6969696969697
1013205 1078230 94.6969696969697


1397611 1373652 94.6969696969697
1397742 1373521 94.6969696969697


932889 935266 94.7236180904523
935266 932889 94.7236180904523


1237322 1159701 94.7658402203857
1237684 1159339 94.7658402203857


1159339 1237684 94.7658402203857
1159701 1237322 94.7658402203857


1515346 1076749 94.7735191637631
1516204 1075896 94.7735191637631


1075896 1516204 94.7735191637631
1076749 1515346 94.7735191637631


1524223 1128926 94.8148148148148
1524357 1128792 94.8148148148148


1523786 1277733 94.8795180722892
1524117 1277403 94.8795180722892


1277403 1524117 94.8795180722892
1277733 1523786 94.8795180722892


1373477 1394398 94.8863636363636
1373652 1394223 94.8863636363636


