#-- reverse hits sorted by %sim
0 0 0
0 0 0


5752 18841 79.5945945945946
6487 18121 79.5945945945946


18121 6487 79.5945945945946
18841 5752 79.5945945945946


19963 30577 82.3529411764706
20214 30325 82.3529411764706


53402 26128 82.521186440678
54345 25188 82.521186440678


7521 17317 82.5595984943538
8307 16525 82.5595984943538


16525 8307 82.5595984943538
17317 7521 82.5595984943538


19685 34711 84.9372384937239
19918 34477 84.9372384937239


34477 19918 84.9372384937239
34711 19685 84.9372384937239


19377 29865 87.6865671641791
19643 29602 87.6865671641791


29602 19643 87.6865671641791
29865 19377 87.6865671641791


6830 17513 89.041095890411
7048 17295 89.041095890411


17295 7048 89.041095890411
17513 6830 89.041095890411


35271 41170 91.0098522167488
36078 40362 91.0098522167488


40362 36078 91.0098522167488
41170 35271 91.0098522167488


26218 28595 94.7236180904523
28595 26218 94.7236180904523


45126 59619 99.8758106802815
59619 45126 99.8758106802815


