#-- forward hits sorted by %sim
0 0 0
0 0 0


1733881 1362914 78.9173789173789
1734578 1363611 78.9173789173789


1342362 1705944 78.9173789173789
1343059 1706641 78.9173789173789


1362914 1733881 78.9173789173789
1363611 1734578 78.9173789173789


1705944 1342362 78.9473684210526
1706641 1343059 78.9473684210526


1283205 10698 79.6445880452342
1283820 11313 79.6445880452342


1292591 10698 79.6445880452342
1293206 11313 79.6445880452342


10698 1283205 79.6445880452342
11313 1283820 79.6445880452342


10698 1292591 79.6445880452342
11313 1293206 79.6445880452342


1283205 1273560 79.967689822294
1283820 1274176 79.967689822294


1292591 1273560 79.967689822294
1293206 1274176 79.967689822294


1060610 1283205 79.967689822294
1061226 1283820 79.967689822294


1060610 1292591 79.967689822294
1061226 1293206 79.967689822294


1090426 1283205 79.967689822294
1091042 1283820 79.967689822294


1090426 1292591 79.967689822294
1091042 1293206 79.967689822294


1273560 1283205 79.967689822294
1274176 1283820 79.967689822294


1273560 1292591 79.967689822294
1274176 1293206 79.967689822294


1911517 1283205 79.967689822294
1912133 1283820 79.967689822294


1911517 1292591 79.967689822294
1912133 1293206 79.967689822294


1283205 1911517 79.967689822294
1283820 1912133 79.967689822294


1292591 1911517 79.967689822294
1293206 1912133 79.967689822294


1283205 1060610 79.967689822294
1283820 1061226 79.967689822294


1283205 1090426 79.967689822294
1283820 1091042 79.967689822294


1292591 1060610 79.967689822294
1293206 1061226 79.967689822294


1292591 1090426 79.967689822294
1293206 1091042 79.967689822294


1230890 1194794 80.3964757709251
1231339 1195243 80.3964757709251


1261535 1194794 80.3964757709251
1261984 1195243 80.3964757709251


1799118 1194794 80.3964757709251
1799567 1195243 80.3964757709251


1194794 1799118 80.3964757709251
1195243 1799567 80.3964757709251


1194794 1230890 80.3964757709251
1195243 1231339 80.3964757709251


1194794 1261535 80.3964757709251
1195243 1261984 80.3964757709251


39138 1876101 80.5309734513274
39352 1876324 80.5309734513274


1717915 1376617 81.4298978644382
1718984 1377689 81.4298978644382


1376617 1717915 81.4298978644382
1377689 1718984 81.4298978644382


1387993 1299054 82.051282051282
1389064 1300143 82.051282051282


1387993 1289668 82.051282051282
1389064 1290757 82.051282051282


1417831 1299054 82.051282051282
1418902 1300143 82.051282051282


1417831 1289668 82.051282051282
1418902 1290757 82.051282051282


1289668 1387993 82.051282051282
1290757 1389064 82.051282051282


1289668 1417831 82.051282051282
1290757 1418902 82.051282051282


1299054 1417831 82.051282051282
1300143 1418902 82.051282051282


1299054 1387993 82.051282051282
1300143 1389064 82.051282051282


1456624 1461140 82.1969696969697
1457391 1461857 82.1969696969697


1461140 1456624 82.1969696969697
1461857 1457391 82.1969696969697


1470790 1475256 82.1969696969697
1471507 1476023 82.1969696969697


1475256 1470790 82.1969696969697
1476023 1471507 82.1969696969697


1831452 34629 82.3383084577114
1831852 35029 82.3383084577114


34629 1831452 82.3383084577114
35029 1831852 82.3383084577114


1005004 1032967 82.4335904027421
1006164 1034127 82.4335904027421


1005004 1006469 82.4335904027421
1006164 1007629 82.4335904027421


1006469 1005004 82.4335904027421
1007629 1006164 82.4335904027421


1006469 1031502 82.4335904027421
1007629 1032662 82.4335904027421


1031502 1006469 82.4335904027421
1032662 1007629 82.4335904027421


1031502 1032967 82.4335904027421
1032662 1034127 82.4335904027421


1032967 1031502 82.4335904027421
1034127 1032662 82.4335904027421


1032967 1005004 82.4335904027421
1034127 1006164 82.4335904027421


1831452 1871588 82.5870646766169
1831852 1871988 82.5870646766169


1871588 1831452 82.5870646766169
1871988 1831852 82.5870646766169


1231528 1195474 84.1432225063939
1231906 1195864 84.1432225063939


1262173 1195474 84.1432225063939
1262551 1195864 84.1432225063939


1799756 1195474 84.1432225063939
1800134 1195864 84.1432225063939


1195474 1799756 84.1432225063939
1195864 1800134 84.1432225063939


1195474 1231528 84.1432225063939
1195864 1231906 84.1432225063939


1195474 1262173 84.1432225063939
1195864 1262551 84.1432225063939


1302043 1554021 84.6715328467153
1302583 1554557 84.6715328467153


1554021 1302043 84.6715328467153
1554557 1302583 84.6715328467153


1467876 1470165 84.7503373819163
1470799 1472854 84.7503373819163


1470165 1467876 84.7503373819163
1472854 1470799 84.7503373819163


1704504 1340922 84.7826086956522
1705420 1341812 84.7826086956522


1735102 1364161 84.7826086956522
1736018 1365051 84.7826086956522


1340922 1704504 84.7826086956522
1341812 1705420 84.7826086956522


1364161 1735102 84.7826086956522
1365051 1736018 84.7826086956522


1263044 1831915 84.8909657320872
1263676 1832552 84.8909657320872


1831915 1263044 84.8909657320872
1832552 1263676 84.8909657320872


1526930 1375969 84.9654377880184
1528656 1377689 84.9654377880184


1375969 1526930 84.9654377880184
1377689 1528656 84.9654377880184


1459793 1461848 85.0050658561297
1462482 1464771 85.0050658561297


1461848 1459793 85.0050658561297
1464771 1462482 85.0050658561297


1552736 1379965 85.0694444444444
1553020 1380247 85.0694444444444


1379965 1552736 85.0694444444444
1380247 1553020 85.0694444444444


1456624 1459478 85.1288056206089
1459119 1461855 85.1288056206089


1459478 1456624 85.1288056206089
1461855 1459119 85.1288056206089


1470792 1473528 85.1288056206089
1473169 1476023 85.1288056206089


1473528 1470792 85.1288056206089
1476023 1473169 85.1288056206089


1830488 1196056 85.1449275362319
1831029 1196606 85.1449275362319


1196056 1830488 85.1449275362319
1196606 1831029 85.1449275362319


1460365 1461841 85.1581508515815
1461855 1463469 85.1581508515815


1461841 1460365 85.1581508515815
1463469 1461855 85.1581508515815


1469178 1470792 85.1581508515815
1470806 1472282 85.1581508515815


1470792 1469178 85.1581508515815
1472282 1470806 85.1581508515815


1567917 1283564 85.3046594982079
1568194 1283840 85.3046594982079


1567917 1292950 85.3046594982079
1568194 1293226 85.3046594982079


1283564 1567917 85.3046594982079
1283840 1568194 85.3046594982079


1292950 1567917 85.3046594982079
1293226 1568194 85.3046594982079


1806650 1289674 85.3080568720379
1806860 1289883 85.3080568720379


1806650 1299060 85.3080568720379
1806860 1299269 85.3080568720379


1289674 1806650 85.3080568720379
1289883 1806860 85.3080568720379


1299060 1806650 85.3080568720379
1299269 1806860 85.3080568720379


1700192 1530492 85.5491329479769
1700364 1530664 85.5491329479769


1740158 1527489 85.5491329479769
1740330 1527661 85.5491329479769


1774032 1530492 85.5491329479769
1774204 1530664 85.5491329479769


1527489 1740158 85.5491329479769
1527661 1740330 85.5491329479769


1530492 1700192 85.5491329479769
1530664 1700364 85.5491329479769


1530492 1774032 85.5491329479769
1530664 1774204 85.5491329479769


1625275 1626295 85.781990521327
1625677 1626716 85.781990521327


1626295 1625275 85.781990521327
1626716 1625677 85.781990521327


1637334 1638374 85.781990521327
1637755 1638776 85.781990521327


1638374 1637334 85.781990521327
1638776 1637755 85.781990521327


1110097 1354154 85.8880778588808
1110502 1354564 85.8880778588808


1117387 1351408 85.8880778588808
1117792 1351818 85.8880778588808


1351408 1117387 85.8880778588808
1351818 1117792 85.8880778588808


1354154 1110097 85.8880778588808
1354564 1110502 85.8880778588808


1718236 1527905 85.9416445623342
1718985 1528657 85.9416445623342


1721538 1529496 85.9416445623342
1722287 1530248 85.9416445623342


1527905 1718236 85.9416445623342
1528657 1718985 85.9416445623342


1529496 1721538 85.9416445623342
1530248 1722287 85.9416445623342


1236136 1200286 85.952380952381
1236554 1200702 85.952380952381


1804364 1200286 85.952380952381
1804782 1200702 85.952380952381


1200286 1804364 85.952380952381
1200702 1804782 85.952380952381


1200286 1236136 85.952380952381
1200702 1236554 85.952380952381


1701518 1532503 86.0730593607306
1702385 1533374 86.0730593607306


1738137 1524779 86.0730593607306
1739004 1525650 86.0730593607306


1775358 1532503 86.0730593607306
1776225 1533374 86.0730593607306


1524779 1738137 86.0730593607306
1525650 1739004 86.0730593607306


1532503 1775358 86.0730593607306
1533374 1776225 86.0730593607306


1532503 1701518 86.0730593607306
1533374 1702385 86.0730593607306


130120 130021 86.1198738170347
130433 130334 86.1198738170347


1809251 1419601 86.159169550173
1809538 1419889 86.159169550173


1839550 1419601 86.159169550173
1839837 1419889 86.159169550173


1419601 1809251 86.159169550173
1419889 1809538 86.159169550173


1419601 1839550 86.159169550173
1419889 1839837 86.159169550173


1807502 1289668 86.1855670103093
1807985 1290151 86.1855670103093


1807502 1299054 86.1855670103093
1807985 1299537 86.1855670103093


1837801 1299054 86.1855670103093
1838284 1299537 86.1855670103093


1837801 1289668 86.1855670103093
1838284 1290151 86.1855670103093


1289668 1807502 86.1855670103093
1290151 1807985 86.1855670103093


1289668 1837801 86.1855670103093
1290151 1838284 86.1855670103093


1299054 1837801 86.1855670103093
1299537 1838284 86.1855670103093


1299054 1807502 86.1855670103093
1299537 1807985 86.1855670103093


1871442 3742 86.1859838274933
1872909 5209 86.1859838274933


3742 1871442 86.1859838274933
5209 1872909 86.1859838274933


1456624 1458914 86.2090880203368
1459698 1461852 86.2090880203368


1458914 1456624 86.2090880203368
1461852 1459698 86.2090880203368


1470795 1472949 86.2090880203368
1473733 1476023 86.2090880203368


1472949 1470795 86.2090880203368
1476023 1473733 86.2090880203368


1456624 1460582 86.2371888726208
1457971 1461852 86.2371888726208


1460582 1456624 86.2371888726208
1461852 1457971 86.2371888726208


1470795 1474676 86.2371888726208
1472065 1476023 86.2371888726208


1474676 1470795 86.2371888726208
1476023 1472065 86.2371888726208


1700374 1717313 86.3057324840764
1700686 1717625 86.3057324840764


1717313 1700374 86.3057324840764
1717625 1700686 86.3057324840764


1717313 1774214 86.3057324840764
1717625 1774526 86.3057324840764


1722897 1739836 86.3057324840764
1723209 1740148 86.3057324840764


1739836 1722897 86.3057324840764
1740148 1723209 86.3057324840764


1774214 1717313 86.3057324840764
1774526 1717625 86.3057324840764


1871442 1266604 86.3207547169811
1872909 1268073 86.3207547169811


1083470 1871442 86.3207547169811
1084939 1872909 86.3207547169811


1266604 1871442 86.3207547169811
1268073 1872909 86.3207547169811


1904561 1871442 86.3207547169811
1906030 1872909 86.3207547169811


1871442 1904561 86.3207547169811
1872909 1906030 86.3207547169811


1871442 1083470 86.3207547169811
1872909 1084939 86.3207547169811


1108354 1349723 86.3509749303621
1109065 1350437 86.3509749303621


1118824 1355535 86.3509749303621
1119535 1356249 86.3509749303621


1349723 1108354 86.3509749303621
1350437 1109065 86.3509749303621


1355535 1118824 86.3509749303621
1356249 1119535 86.3509749303621


1216408 1180386 86.3709677419355
1217632 1181610 86.3709677419355


1216408 1211186 86.3709677419355
1217632 1212410 86.3709677419355


1180386 1216408 86.3709677419355
1181610 1217632 86.3709677419355


1211186 1216408 86.3709677419355
1212410 1217632 86.3709677419355


1456624 1460075 86.4379736737136
1461495 1464771 86.4379736737136


1460075 1456624 86.4379736737136
1464771 1461495 86.4379736737136


1467876 1471152 86.4379736737136
1472572 1476023 86.4379736737136


1471152 1467876 86.4379736737136
1476023 1472572 86.4379736737136


1456624 1457187 86.7101508357114
1461350 1461857 86.7101508357114


1457187 1456624 86.7101508357114
1461857 1461350 86.7101508357114


1470790 1471297 86.7101508357114
1475460 1476023 86.7101508357114


1471297 1470790 86.7101508357114
1476023 1475460 86.7101508357114


1241054 1390575 86.968085106383
1241413 1390950 86.968085106383


1778631 1390575 86.968085106383
1778990 1390950 86.968085106383


1390575 1778631 86.968085106383
1390950 1778990 86.968085106383


1390575 1241054 86.968085106383
1390950 1241413 86.968085106383


1810159 1390603 87.0689655172414
1810490 1390950 87.0689655172414


1840458 1390603 87.0689655172414
1840789 1390950 87.0689655172414


1390603 1840458 87.0689655172414
1390950 1840789 87.0689655172414


1390603 1810159 87.0689655172414
1390950 1810490 87.0689655172414


1468026 1470792 87.1161313095658
1470806 1473449 87.1161313095658


1470792 1468026 87.1161313095658
1473449 1470806 87.1161313095658


1809251 1389763 87.1527777777778
1809538 1390050 87.1527777777778


1839550 1389763 87.1527777777778
1839837 1390050 87.1527777777778


1389763 1809251 87.1527777777778
1390050 1809538 87.1527777777778


1389763 1839550 87.1527777777778
1390050 1839837 87.1527777777778


1716461 1375164 87.1720116618076
1716803 1375506 87.1720116618076


1375164 1716461 87.1720116618076
1375506 1716803 87.1720116618076


1700371 1376012 87.2047244094488
1700878 1376517 87.2047244094488


1774211 1376012 87.2047244094488
1774718 1376517 87.2047244094488


1376012 1700371 87.2047244094488
1376517 1700878 87.2047244094488


1376012 1774211 87.2047244094488
1376517 1774718 87.2047244094488


1202526 1299060 87.2651356993737
1203003 1299537 87.2651356993737


1202526 1289674 87.2651356993737
1203003 1290151 87.2651356993737


1238422 1289674 87.2651356993737
1238900 1290151 87.2651356993737


1238422 1299060 87.2651356993737
1238900 1299537 87.2651356993737


1289674 1202526 87.2651356993737
1290151 1203003 87.2651356993737


1299060 1202526 87.2651356993737
1299537 1203003 87.2651356993737


1289674 1238422 87.2651356993737
1290151 1238900 87.2651356993737


1299060 1238422 87.2651356993737
1299537 1238900 87.2651356993737


1777362 8742 87.3015873015873
1777546 8923 87.3015873015873


1777362 1271605 87.3015873015873
1777546 1271786 87.3015873015873


8742 1777362 87.3015873015873
8923 1777546 87.3015873015873


1058655 1777362 87.3015873015873
1058836 1777546 87.3015873015873


1088471 1777362 87.3015873015873
1088652 1777546 87.3015873015873


1271605 1777362 87.3015873015873
1271786 1777546 87.3015873015873


1909562 1777362 87.3015873015873
1909743 1777546 87.3015873015873


1777362 1909562 87.3015873015873
1777546 1909743 87.3015873015873


1777362 1058655 87.3015873015873
1777546 1058836 87.3015873015873


1777362 1088471 87.3015873015873
1777546 1088652 87.3015873015873


1717110 1375811 87.3320537428023
1717629 1376330 87.3320537428023


1375811 1717110 87.3320537428023
1376330 1717629 87.3320537428023


1460871 1461852 87.4528301886792
1461852 1462899 87.4528301886792


1461852 1460871 87.4528301886792
1462899 1461852 87.4528301886792


1172331 1418445 87.5
1173800 1419915 87.5


1203131 1418445 87.5
1204600 1419915 87.5


1418445 1203131 87.5
1419915 1204600 87.5


1418445 1172331 87.5
1419915 1173800 87.5


1280994 1068045 87.59367194005
1282193 1069237 87.59367194005


1068045 1280994 87.603993344426
1069237 1282193 87.603993344426


1700373 1526975 87.6470588235294
1700881 1527481 87.6470588235294


1739641 1530672 87.6470588235294
1740149 1531178 87.6470588235294


1774213 1526975 87.6470588235294
1774721 1527481 87.6470588235294


1526975 1700373 87.6470588235294
1527481 1700881 87.6470588235294


1526975 1774213 87.6470588235294
1527481 1774721 87.6470588235294


1530672 1739641 87.6470588235294
1531178 1740149 87.6470588235294


1172331 1388607 87.6943881000676
1173800 1390076 87.6943881000676


1203131 1388607 87.6943881000676
1204600 1390076 87.6943881000676


1388607 1172331 87.6943881000676
1390076 1173800 87.6943881000676


1388607 1203131 87.6943881000676
1390076 1204600 87.6943881000676


1456624 1458341 87.8592532903572
1460283 1461855 87.8592532903572


1458341 1456624 87.8592532903572
1461855 1460283 87.8592532903572


1470792 1472364 87.8592532903572
1474306 1476023 87.8592532903572


1472364 1470792 87.8592532903572
1476023 1474306 87.8592532903572


1776736 1203258 87.8853434288805
1778556 1205096 87.8853434288805


1776736 1172458 87.8853434288805
1778556 1174296 87.8853434288805


1172458 1776736 87.8853434288805
1174296 1778556 87.8853434288805


1203258 1776736 87.8853434288805
1205096 1778556 87.8853434288805


1754763 1521086 87.9684418145957
1755755 1522097 87.9684418145957


1758609 1536056 87.9684418145957
1759601 1537067 87.9684418145957


1521086 1754763 87.9684418145957
1522097 1755755 87.9684418145957


1536056 1758609 87.9684418145957
1537067 1759601 87.9684418145957


1467874 1469023 88.0379532361911
1470795 1471776 88.0379532361911


1469023 1467874 88.0379532361911
1471776 1470795 88.0379532361911


7924 8065 88.0952380952381
8048 8189 88.0952380952381


8065 7924 88.0952380952381
8189 8048 88.0952380952381


1057837 8065 88.0952380952381
1057961 8189 88.0952380952381


1057978 7924 88.0952380952381
1058102 8048 88.0952380952381


1087653 8065 88.0952380952381
1087777 8189 88.0952380952381


1087794 7924 88.0952380952381
1087918 8048 88.0952380952381


1908744 8065 88.0952380952381
1908868 8189 88.0952380952381


1908885 7924 88.0952380952381
1909009 8048 88.0952380952381


1270787 8065 88.0952380952381
1270911 8189 88.0952380952381


1270928 7924 88.0952380952381
1271052 8048 88.0952380952381


1270787 1270928 88.0952380952381
1270911 1271052 88.0952380952381


1270928 1270787 88.0952380952381
1271052 1270911 88.0952380952381


1908744 1270928 88.0952380952381
1908868 1271052 88.0952380952381


1908885 1270787 88.0952380952381
1909009 1270911 88.0952380952381


7924 1270928 88.0952380952381
8048 1271052 88.0952380952381


8065 1270787 88.0952380952381
8189 1270911 88.0952380952381


1057837 1270928 88.0952380952381
1057961 1271052 88.0952380952381


1057978 1270787 88.0952380952381
1058102 1270911 88.0952380952381


1087653 1270928 88.0952380952381
1087777 1271052 88.0952380952381


1087794 1270787 88.0952380952381
1087918 1270911 88.0952380952381


1385628 1385769 88.0952380952381
1385752 1385893 88.0952380952381


1385628 1415607 88.0952380952381
1385752 1415731 88.0952380952381


1385769 1415466 88.0952380952381
1385893 1415590 88.0952380952381


1385769 1385628 88.0952380952381
1385893 1385752 88.0952380952381


1415466 1415607 88.0952380952381
1415590 1415731 88.0952380952381


1415466 1385769 88.0952380952381
1415590 1385893 88.0952380952381


1415607 1415466 88.0952380952381
1415731 1415590 88.0952380952381


1415607 1385628 88.0952380952381
1415731 1385752 88.0952380952381


1908744 1908885 88.0952380952381
1908868 1909009 88.0952380952381


1908885 1908744 88.0952380952381
1909009 1908868 88.0952380952381


1057837 1908885 88.0952380952381
1057961 1909009 88.0952380952381


1057978 1908744 88.0952380952381
1058102 1908868 88.0952380952381


1087653 1908885 88.0952380952381
1087777 1909009 88.0952380952381


1087794 1908744 88.0952380952381
1087918 1908868 88.0952380952381


7924 1908885 88.0952380952381
8048 1909009 88.0952380952381


8065 1908744 88.0952380952381
8189 1908868 88.0952380952381


1270787 1908885 88.0952380952381
1270911 1909009 88.0952380952381


1270928 1908744 88.0952380952381
1271052 1908868 88.0952380952381


1057837 1057978 88.0952380952381
1057961 1058102 88.0952380952381


1057837 1087794 88.0952380952381
1057961 1087918 88.0952380952381


1057978 1057837 88.0952380952381
1058102 1057961 88.0952380952381


1057978 1087653 88.0952380952381
1058102 1087777 88.0952380952381


1087653 1057978 88.0952380952381
1087777 1058102 88.0952380952381


1087653 1087794 88.0952380952381
1087777 1087918 88.0952380952381


1087794 1057837 88.0952380952381
1087918 1057961 88.0952380952381


1087794 1087653 88.0952380952381
1087918 1087777 88.0952380952381


1908744 1057978 88.0952380952381
1908868 1058102 88.0952380952381


1908744 1087794 88.0952380952381
1908868 1087918 88.0952380952381


1908885 1057837 88.0952380952381
1909009 1057961 88.0952380952381


1908885 1087653 88.0952380952381
1909009 1087777 88.0952380952381


7924 1057978 88.0952380952381
8048 1058102 88.0952380952381


7924 1087794 88.0952380952381
8048 1087918 88.0952380952381


8065 1057837 88.0952380952381
8189 1057961 88.0952380952381


8065 1087653 88.0952380952381
8189 1087777 88.0952380952381


1270787 1087794 88.0952380952381
1270911 1087918 88.0952380952381


1270787 1057978 88.0952380952381
1270911 1058102 88.0952380952381


1270928 1087653 88.0952380952381
1271052 1087777 88.0952380952381


1270928 1057837 88.0952380952381
1271052 1057961 88.0952380952381


1777362 1876539 88.4210526315789
1777546 1876725 88.4210526315789


1876539 1777362 88.4210526315789
1876725 1777546 88.4210526315789


1459198 1461841 88.6914378029079
1461563 1464272 88.6914378029079


1461841 1459198 88.6914378029079
1464272 1461563 88.6914378029079


1279752 17742 88.8254486133768
1282193 20176 88.8254486133768


17742 1279752 88.8254486133768
20176 1282193 88.8254486133768


1372740 1375681 88.8475836431227
1373277 1376218 88.8475836431227


1375681 1372740 88.8475836431227
1376218 1373277 88.8475836431227


1870503 2868 88.8888888888889
1870834 3200 88.8888888888889


1835026 35029 88.8888888888889
1835157 35160 88.8888888888889


1870503 1265730 88.8888888888889
1870834 1266062 88.8888888888889


2868 1870503 88.8888888888889
3200 1870834 88.8888888888889


1082596 1870503 88.8888888888889
1082928 1870834 88.8888888888889


1265730 1870503 88.8888888888889
1266062 1870834 88.8888888888889


1903687 1870503 88.8888888888889
1904019 1870834 88.8888888888889


1870503 1903687 88.8888888888889
1870834 1904019 88.8888888888889


35029 1835026 88.8888888888889
35160 1835157 88.8888888888889


1870503 1082596 88.8888888888889
1870834 1082928 88.8888888888889


130021 130120 88.9473684210526
130210 130306 88.9473684210526


1239784 1876539 88.9473684210526
1239969 1876725 88.9473684210526


1876539 1239784 88.9473684210526
1876725 1239969 88.9473684210526


1235486 1871988 88.9705882352941
1235617 1872121 88.9705882352941


1803714 1871988 88.9705882352941
1803845 1872121 88.9705882352941


1871988 1803714 88.9705882352941
1872121 1803845 88.9705882352941


1871988 1235486 88.9705882352941
1872121 1235617 88.9705882352941


1467874 1471714 89.1558224891558
1470806 1474594 89.1558224891558


1471714 1467874 89.1558224891558
1474594 1470806 89.1558224891558


56876 1429797 89.1566265060241
57037 1429961 89.1566265060241


56876 1487634 89.1566265060241
57037 1487798 89.1566265060241


71610 1444849 89.1566265060241
71771 1445013 89.1566265060241


1429797 56876 89.1566265060241
1429961 57037 89.1566265060241


1444849 71610 89.1566265060241
1445013 71771 89.1566265060241


1487634 56876 89.1566265060241
1487798 57037 89.1566265060241


1810177 1174404 89.1797556719023
1810742 1174975 89.1797556719023


1810177 1205204 89.1797556719023
1810742 1205775 89.1797556719023


1840476 1174404 89.1797556719023
1841041 1174975 89.1797556719023


1840476 1205204 89.1797556719023
1841041 1205775 89.1797556719023


1174404 1840476 89.1797556719023
1174975 1841041 89.1797556719023


1174404 1810177 89.1797556719023
1174975 1810742 89.1797556719023


1205204 1840476 89.1797556719023
1205775 1841041 89.1797556719023


1205204 1810177 89.1797556719023
1205775 1810742 89.1797556719023


1777362 39423 89.247311827957
1777546 39604 89.247311827957


39423 1777362 89.247311827957
39604 1777546 89.247311827957


1171783 1289731 89.3111638954869
1172203 1290151 89.3111638954869


1171783 1299117 89.3111638954869
1172203 1299537 89.3111638954869


1289731 1171783 89.3111638954869
1290151 1172203 89.3111638954869


1299117 1171783 89.3111638954869
1299537 1172203 89.3111638954869


1458053 1461841 89.3787575150301
1460933 1464773 89.3787575150301


1461841 1458053 89.3787575150301
1464773 1460933 89.3787575150301


1110576 1426369 89.4067796610169
1110810 1426604 89.4067796610169


1110576 1484206 89.4067796610169
1110810 1484441 89.4067796610169


1117079 1448206 89.4067796610169
1117313 1448441 89.4067796610169


1426369 1110576 89.4067796610169
1426604 1110810 89.4067796610169


1448206 1117079 89.4067796610169
1448441 1117313 89.4067796610169


1484206 1110576 89.4067796610169
1484441 1110810 89.4067796610169


1470795 1471866 89.484927605032
1474851 1475993 89.484927605032


1471866 1470795 89.484927605032
1475993 1474851 89.484927605032


1777433 1489374 89.5652173913044
1777546 1489484 89.5652173913044


1489374 1777433 89.5652173913044
1489484 1777546 89.5652173913044


1456654 1457796 89.5798718253026
1460781 1461852 89.5798718253026


1457796 1456654 89.5798718253026
1461852 1460781 89.5798718253026


1524842 1373912 89.6168108776267
1525650 1374720 89.6168108776267


1373912 1524842 89.6168108776267
1374720 1525650 89.6168108776267


1835026 1871988 89.7058823529412
1835157 1872121 89.7058823529412


1871988 1835026 89.7058823529412
1872121 1835157 89.7058823529412


1808240 1776736 89.7251013970257
1812567 1781119 89.7251013970257


1838539 1776736 89.7251013970257
1842866 1781119 89.7251013970257


1776736 1838539 89.7476340694006
1781119 1842866 89.7476340694006


1776736 1808240 89.7476340694006
1781119 1812567 89.7476340694006


1239784 39423 89.7849462365591
1239969 39604 89.7849462365591


39423 1239784 89.7849462365591
39604 1239969 89.7849462365591


1456624 1466645 89.8580121703854
1457098 1467129 89.8580121703854


1466645 1456624 89.8580121703854
1467129 1457098 89.8580121703854


34483 3742 89.867354458364
37175 6438 89.867354458364


3742 34483 89.867354458364
6438 37175 89.867354458364


1263073 1411705 89.8867313915858
1264303 1412930 89.8867313915858


1263073 1381867 89.8867313915858
1264303 1383092 89.8867313915858


1381867 1263073 89.8867313915858
1383092 1264303 89.8867313915858


1411705 1263073 89.8867313915858
1412930 1264303 89.8867313915858


1737551 1373274 89.9197592778335
1739535 1375253 89.9197592778335


1373274 1737551 89.9248120300752
1375253 1739535 89.9248120300752


1083470 34483 89.9410464259396
1086168 37175 89.9410464259396


1266604 34483 89.9410464259396
1269302 37175 89.9410464259396


1904561 34483 89.9410464259396
1907259 37175 89.9410464259396


34483 1266604 89.9410464259396
37175 1269302 89.9410464259396


34483 1904561 89.9410464259396
37175 1907259 89.9410464259396


34483 1083470 89.9410464259396
37175 1086168 89.9410464259396


1458234 1466541 90.0662251655629
1458825 1467129 90.0662251655629


1465518 1473822 90.0662251655629
1466106 1474413 90.0662251655629


1466541 1458234 90.0662251655629
1467129 1458825 90.0662251655629


1473822 1465518 90.0662251655629
1474413 1466106 90.0662251655629


1776736 1388734 90.1384083044983
1777308 1389307 90.1384083044983


1776736 1418572 90.1384083044983
1777308 1419145 90.1384083044983


1388734 1776736 90.1384083044983
1389307 1777308 90.1384083044983


1418572 1776736 90.1384083044983
1419145 1777308 90.1384083044983


1429606 1488831 90.1639344262295
1429846 1489070 90.1639344262295


1487443 1488831 90.1639344262295
1487683 1489070 90.1639344262295


1488831 1429606 90.1639344262295
1489070 1429846 90.1639344262295


1488831 1487443 90.1639344262295
1489070 1487683 90.1639344262295


1457084 1466548 90.1666666666667
1457671 1467129 90.1666666666667


1465518 1474976 90.1666666666667
1466099 1475563 90.1666666666667


1466548 1457084 90.1666666666667
1467129 1457671 90.1666666666667


1474976 1465518 90.1666666666667
1475563 1466099 90.1666666666667


1740158 1376528 90.2298850574713
1740330 1376700 90.2298850574713


1376528 1740158 90.2298850574713
1376700 1740330 90.2298850574713


1467876 1475105 90.2665121668598
1468721 1475946 90.2665121668598


1456656 1463881 90.3083700440529
1457542 1464771 90.3083700440529


1463881 1456656 90.3083700440529
1464771 1457542 90.3083700440529


1199598 35029 90.3703703703704
1199731 35160 90.3703703703704


35029 1199598 90.3703703703704
35160 1199731 90.3703703703704


1566170 1282196 90.379746835443
1566564 1282588 90.379746835443


1282196 1566170 90.379746835443
1282588 1566564 90.379746835443


1243822 1177164 90.3880463871543
1248277 1181610 90.3880463871543


1243822 1207964 90.3880463871543
1248277 1212410 90.3880463871543


1781399 1207964 90.3880463871543
1785854 1212410 90.3880463871543


1781399 1177164 90.3880463871543
1785854 1181610 90.3880463871543


1177164 1781399 90.3880463871543
1181610 1785854 90.3880463871543


1207964 1781399 90.3880463871543
1212410 1785854 90.3880463871543


1177164 1243822 90.3880463871543
1181610 1248277 90.3880463871543


1207964 1243822 90.3880463871543
1212410 1248277 90.3880463871543


1384916 4287 90.4109589041096
1385061 4432 90.4109589041096


1389386 8756 90.4109589041096
1389531 8901 90.4109589041096


1414754 4287 90.4109589041096
1414899 4432 90.4109589041096


1419224 8756 90.4109589041096
1419369 8901 90.4109589041096


1384916 1267149 90.4109589041096
1385061 1267294 90.4109589041096


1389386 1271619 90.4109589041096
1389531 1271764 90.4109589041096


1414754 1267149 90.4109589041096
1414899 1267294 90.4109589041096


1419224 1271619 90.4109589041096
1419369 1271764 90.4109589041096


4287 1384916 90.4109589041096
4432 1385061 90.4109589041096


4287 1414754 90.4109589041096
4432 1414899 90.4109589041096


8756 1419224 90.4109589041096
8901 1419369 90.4109589041096


8756 1389386 90.4109589041096
8901 1389531 90.4109589041096


1058669 1389386 90.4109589041096
1058814 1389531 90.4109589041096


1058669 1419224 90.4109589041096
1058814 1419369 90.4109589041096


1084015 1384916 90.4109589041096
1084160 1385061 90.4109589041096


1084015 1414754 90.4109589041096
1084160 1414899 90.4109589041096


1088485 1419224 90.4109589041096
1088630 1419369 90.4109589041096


1088485 1389386 90.4109589041096
1088630 1389531 90.4109589041096


1267149 1384916 90.4109589041096
1267294 1385061 90.4109589041096


1267149 1414754 90.4109589041096
1267294 1414899 90.4109589041096


1271619 1419224 90.4109589041096
1271764 1419369 90.4109589041096


1271619 1389386 90.4109589041096
1271764 1389531 90.4109589041096


1905106 1384916 90.4109589041096
1905251 1385061 90.4109589041096


1905106 1414754 90.4109589041096
1905251 1414899 90.4109589041096


1909576 1419224 90.4109589041096
1909721 1419369 90.4109589041096


1909576 1389386 90.4109589041096
1909721 1389531 90.4109589041096


1384916 1905106 90.4109589041096
1385061 1905251 90.4109589041096


1389386 1909576 90.4109589041096
1389531 1909721 90.4109589041096


1414754 1905106 90.4109589041096
1414899 1905251 90.4109589041096


1419224 1909576 90.4109589041096
1419369 1909721 90.4109589041096


1384916 1084015 90.4109589041096
1385061 1084160 90.4109589041096


1389386 1088485 90.4109589041096
1389531 1088630 90.4109589041096


1389386 1058669 90.4109589041096
1389531 1058814 90.4109589041096


1414754 1084015 90.4109589041096
1414899 1084160 90.4109589041096


1419224 1088485 90.4109589041096
1419369 1088630 90.4109589041096


1419224 1058669 90.4109589041096
1419369 1058814 90.4109589041096


1239855 1489374 90.4347826086957
1239969 1489484 90.4347826086957


1489374 1239855 90.4347826086957
1489484 1239969 90.4347826086957


1461542 1462016 90.4458598726115
1461852 1462329 90.4458598726115


1462016 1461542 90.4458598726115
1462329 1461852 90.4458598726115


1470318 1470795 90.4458598726115
1470631 1471105 90.4458598726115


1470795 1470318 90.4458598726115
1471105 1470631 90.4458598726115


1263097 1196563 90.5115511551155
1264303 1197770 90.5115511551155


1196563 1263097 90.5115511551155
1197770 1264303 90.5115511551155


1239028 1388607 90.5367231638418
1239730 1389307 90.5367231638418


1239028 1418445 90.5367231638418
1239730 1419145 90.5367231638418


1388607 1239028 90.5367231638418
1389307 1239730 90.5367231638418


1418445 1239028 90.5367231638418
1419145 1239730 90.5367231638418


1456624 1463261 90.5844155844156
1458126 1464773 90.5844155844156


1463261 1456624 90.5844155844156
1464773 1458126 90.5844155844156


1467874 1474521 90.5844155844156
1469386 1476023 90.5844155844156


1474521 1467874 90.5844155844156
1476023 1469386 90.5844155844156


1238456 1171759 90.5919247353979
1240979 1174296 90.5919247353979


1171759 1238456 90.5919247353979
1174296 1240979 90.5919247353979


1112569 1550977 90.6015037593985
1113620 1552029 90.6015037593985


1114269 1555012 90.6015037593985
1115320 1556064 90.6015037593985


1550977 1112569 90.6015037593985
1552029 1113620 90.6015037593985


1555012 1114269 90.6015037593985
1556064 1115320 90.6015037593985


1565646 1173143 90.6779661016949
1565762 1173255 90.6779661016949


1565646 1203943 90.6779661016949
1565762 1204055 90.6779661016949


1173143 1565646 90.6779661016949
1173255 1565762 90.6779661016949


1203943 1565646 90.6779661016949
1204055 1565762 90.6779661016949


1841048 1175102 90.6950850962303
1847308 1181318 90.6950850962303


1841048 1205902 90.6950850962303
1847308 1212118 90.6950850962303


1175102 1841048 90.6950850962303
1181318 1847308 90.6950850962303


1205902 1841048 90.6950850962303
1212118 1847308 90.6950850962303


1463723 1466534 90.7617504051864
1464333 1467129 90.7617504051864


1465518 1468314 90.7617504051864
1466113 1468924 90.7617504051864


1466534 1463723 90.7617504051864
1467129 1464333 90.7617504051864


1468314 1465518 90.7617504051864
1468924 1466113 90.7617504051864


1807539 1171757 90.8086785009862
1810051 1174286 90.8086785009862


1837838 1171757 90.8086785009862
1840350 1174286 90.8086785009862


1171757 1807539 90.8086785009862
1174286 1810051 90.8086785009862


1171757 1837838 90.8086785009862
1174286 1840350 90.8086785009862


1810749 1175102 90.8225905463474
1817238 1181547 90.8225905463474


1810749 1205902 90.8225905463474
1817238 1212347 90.8225905463474


1175102 1810749 90.8225905463474
1181547 1817238 90.8225905463474


1205902 1810749 90.8225905463474
1212347 1817238 90.8225905463474


1806909 1237823 90.8886194353023
1812567 1243542 90.8886194353023


1837208 1237823 90.8886194353023
1842866 1243542 90.8886194353023


1237823 1806909 90.905941451585
1243542 1812567 90.905941451585


1237823 1837208 90.905941451585
1243542 1842866 90.905941451585


1717267 1526930 90.9090909090909
1717629 1527291 90.9090909090909


1526930 1717267 90.9090909090909
1527291 1717629 90.9090909090909


1456624 1462688 90.9090909090909
1458696 1464771 90.9090909090909


1462688 1456624 90.9090909090909
1464771 1458696 90.9090909090909


1467876 1473951 90.9090909090909
1469959 1476023 90.9090909090909


1473951 1467876 90.9090909090909
1476023 1469959 90.9090909090909


1831950 1196539 90.9442955019363
1835298 1199872 90.9442955019363


1196539 1831950 90.9442955019363
1199872 1835298 90.9442955019363


1459371 1466541 90.9531502423263
1459986 1467129 90.9531502423263


1465518 1472661 90.9531502423263
1466106 1473276 90.9531502423263


1466541 1459371 90.9531502423263
1467129 1459986 90.9531502423263


1472661 1465518 90.9531502423263
1473276 1466106 90.9531502423263


1152603 1756977 91.1057692307692
1153016 1757388 91.1057692307692


1756977 1152603 91.1057692307692
1757388 1153016 91.1057692307692


1831950 1381868 91.1315789473684
1835742 1385636 91.1315789473684


1831950 1411706 91.1315789473684
1835742 1415474 91.1315789473684


1381868 1831950 91.1315789473684
1385636 1835742 91.1315789473684


1411706 1831950 91.1315789473684
1415474 1835742 91.1315789473684


1808113 1418445 91.1554921540656
1808809 1419144 91.1554921540656


1808113 1388607 91.1554921540656
1808809 1389306 91.1554921540656


1838412 1388607 91.1554921540656
1839108 1389306 91.1554921540656


1838412 1418445 91.1554921540656
1839108 1419144 91.1554921540656


1388607 1808113 91.1554921540656
1389306 1808809 91.1554921540656


1388607 1838412 91.1554921540656
1389306 1839108 91.1554921540656


1418445 1838412 91.1554921540656
1419144 1839108 91.1554921540656


1418445 1808113 91.1554921540656
1419144 1808809 91.1554921540656


1871988 1199598 91.1764705882353
1872121 1199731 91.1764705882353


1199598 1871988 91.1764705882353
1199731 1872121 91.1764705882353


39988 1282194 91.183879093199
40384 1282588 91.183879093199


1584269 1282194 91.183879093199
1584665 1282588 91.183879093199


1282194 1584269 91.183879093199
1282588 1584665 91.183879093199


1282194 39988 91.183879093199
1282588 40384 91.183879093199


1237816 1201920 91.1939830774052
1240979 1205096 91.1939830774052


1201920 1237816 91.1939830774052
1205096 1240979 91.1939830774052


1173143 39469 91.2280701754386
1173255 39582 91.2280701754386


1203943 39469 91.2280701754386
1204055 39582 91.2280701754386


39469 1173143 91.2280701754386
39582 1173255 91.2280701754386


39469 1203943 91.2280701754386
39582 1204055 91.2280701754386


1516706 1545718 91.2669126691267
1517516 1546529 91.2669126691267


1545718 1516706 91.2669126691267
1546529 1517516 91.2669126691267


1877111 1282196 91.2698412698413
1877488 1282571 91.2698412698413


1282196 1877111 91.2698412698413
1282571 1877488 91.2698412698413


1458809 1466546 91.2751677852349
1459392 1467129 91.2751677852349


1465518 1473255 91.2751677852349
1466101 1473838 91.2751677852349


1466546 1458809 91.2751677852349
1467129 1459392 91.2751677852349


1473255 1465518 91.2751677852349
1473838 1466101 91.2751677852349


1511626 1540638 91.2776412776413
1512437 1541449 91.2776412776413


1540638 1511626 91.2776412776413
1541449 1512437 91.2776412776413


1540638 1560508 91.2776412776413
1541449 1561319 91.2776412776413


1560508 1540638 91.2776412776413
1561319 1541449 91.2776412776413


1831915 1800627 91.3428943937418
1835742 1804430 91.3428943937418


1232399 1831915 91.3428943937418
1236202 1835742 91.3428943937418


1800627 1831915 91.3428943937418
1804430 1835742 91.3428943937418


1831915 1232399 91.3428943937418
1835742 1236202 91.3428943937418


1456624 1462121 91.3493530499076
1459269 1464771 91.3493530499076


1462121 1456624 91.3493530499076
1464771 1459269 91.3493530499076


1467876 1473378 91.3493530499076
1470526 1476023 91.3493530499076


1473378 1467876 91.3493530499076
1476023 1470526 91.3493530499076


1429606 1430993 91.3934426229508
1429846 1431234 91.3934426229508


1430993 1429606 91.3934426229508
1431234 1429846 91.3934426229508


1430993 1487443 91.3934426229508
1431234 1487683 91.3934426229508


1443575 1444964 91.3934426229508
1443816 1445204 91.3934426229508


1444964 1443575 91.3934426229508
1445204 1443816 91.3934426229508


1487443 1430993 91.3934426229508
1487683 1431234 91.3934426229508


1565857 1291267 91.3963328631876
1566564 1291974 91.3963328631876


1291267 1565857 91.3963328631876
1291974 1566564 91.3963328631876


1232428 1381867 91.4046595792807
1236712 1386267 91.4046595792807


1232428 1411705 91.4046595792807
1236712 1416105 91.4046595792807


1800656 1411705 91.4046595792807
1804940 1416105 91.4046595792807


1800656 1381867 91.4046595792807
1804940 1386267 91.4046595792807


1381867 1800656 91.4046595792807
1386267 1804940 91.4046595792807


1411705 1800656 91.4046595792807
1416105 1804940 91.4046595792807


1381867 1232428 91.4046595792807
1386267 1236712 91.4046595792807


1411705 1232428 91.4046595792807
1416105 1236712 91.4046595792807


1489867 1282194 91.4357682619647
1490263 1282588 91.4357682619647


1282194 1489867 91.4357682619647
1282588 1490263 91.4357682619647


1565432 8591 91.4448100508525
1568767 11904 91.4448100508525


8591 1565432 91.4448100508525
11904 1568767 91.4448100508525


1835479 1200055 91.5178571428571
1835702 1200278 91.5178571428571


1200055 1835479 91.5178571428571
1200278 1835702 91.5178571428571


1241705 1205902 91.5630070308275
1243547 1207693 91.5630070308275


1241705 1175102 91.5630070308275
1243547 1176893 91.5630070308275


1779282 1205902 91.5630070308275
1781124 1207693 91.5630070308275


1779282 1175102 91.5630070308275
1781124 1176893 91.5630070308275


1456624 1464416 91.5730337078652
1456967 1464771 91.5730337078652


1461040 1466548 91.5730337078652
1461563 1467068 91.5730337078652


1464416 1456624 91.5730337078652
1464771 1456967 91.5730337078652


1465579 1471084 91.5730337078652
1466099 1471607 91.5730337078652


