#-- forward hits sorted by %sim
0 0 0
0 0 0


205108 22539 77.5757575757576
205590 23030 77.5757575757576


1838723 22539 77.5757575757576
1839205 23030 77.5757575757576


22539 1838723 77.5757575757576
23030 1839205 77.5757575757576


22539 205108 77.5757575757576
23030 205590 77.5757575757576


306261 1886198 78.9173789173789
306958 1886895 78.9173789173789


1865646 278327 78.9173789173789
1866343 279024 78.9173789173789


1865646 352167 78.9173789173789
1866343 352864 78.9173789173789


1886198 306261 78.9173789173789
1886895 306958 78.9173789173789


278327 1865646 78.9473684210526
279024 1866343 78.9473684210526


352167 1865646 78.9473684210526
352864 1866343 78.9473684210526


269021 171187 80.1457194899818
269507 171732 80.1457194899818


171187 269021 80.1457194899818
171732 269507 80.1457194899818


542693 1842372 80.5309734513274
542907 1842595 80.5309734513274


542693 208757 80.5309734513274
542907 208980 80.5309734513274


290294 1899901 81.4298978644382
291363 1900973 81.4298978644382


1899901 290294 81.4298978644382
1900973 291363 81.4298978644382


605796 729776 82.1243523316062
606180 730160 82.1243523316062


636095 729776 82.1243523316062
636479 730160 82.1243523316062


729776 636095 82.1243523316062
730160 636479 82.1243523316062


729776 605796 82.1243523316062
730160 606180 82.1243523316062


233797 238263 82.1969696969697
234514 239030 82.1969696969697


238263 233797 82.1969696969697
239030 234514 82.1969696969697


172774 629659 82.2115384615385
173187 630069 82.2115384615385


629659 172774 82.2115384615385
630069 173187 82.2115384615385


828923 830388 82.4335904027421
830083 831548 82.4335904027421


830388 828923 82.4335904027421
831548 830083 82.4335904027421


19608 48737 82.4358974358974
20379 49508 82.4358974358974


48737 19608 82.4358974358974
49508 20379 82.4358974358974


768140 172128 82.5147347740668
768644 172635 82.5147347740668


172128 768140 82.5147347740668
172635 768644 82.5147347740668


28596 57726 82.5595984943538
29387 58512 82.5595984943538


57726 28596 82.5595984943538
58512 29387 82.5595984943538


745954 1 82.5688073394495
746171 215 82.5688073394495


776754 1 82.5688073394495
776971 215 82.5688073394495


1 745954 82.5688073394495
215 746171 82.5688073394495


1 776754 82.5688073394495
215 776971 82.5688073394495


804134 829167 82.646420824295
805050 830083 82.646420824295


829167 804134 82.646420824295
830083 805050 82.646420824295


417021 49893 83.4080717488789
417669 50560 83.4080717488789


436733 27544 83.4080717488789
437381 28211 83.4080717488789


27544 436733 83.4080717488789
28211 437381 83.4080717488789


49893 417021 83.4080717488789
50560 417669 83.4080717488789


172205 629102 83.7962962962963
172635 629529 83.7962962962963


629102 172205 83.7962962962963
629529 172635 83.7962962962963


541821 740109 83.9901477832512
542225 740512 83.9901477832512


541821 770909 83.9901477832512
542225 771312 83.9901477832512


740109 541821 83.9901477832512
740512 542225 83.9901477832512


770909 541821 83.9901477832512
771312 542225 83.9901477832512


848998 697765 84.0304182509506
850182 699070 84.0304182509506


848998 69761 84.0304182509506
850182 71066 84.0304182509506


69761 848998 84.0304182509506
71066 850182 84.0304182509506


697765 848998 84.0304182509506
699070 850182 84.0304182509506


547295 745698 84.0816326530612
548027 746417 84.0816326530612


547295 776498 84.0816326530612
548027 777217 84.0816326530612


213517 776498 84.0816326530612
214249 777217 84.0816326530612


213517 745698 84.0816326530612
214249 746417 84.0816326530612


1847132 776498 84.0816326530612
1847864 777217 84.0816326530612


1847132 745698 84.0816326530612
1847864 746417 84.0816326530612


745698 1847132 84.0816326530612
746417 1847864 84.0816326530612


776498 1847132 84.0816326530612
777217 1847864 84.0816326530612


745698 213517 84.0816326530612
746417 214249 84.0816326530612


776498 213517 84.0816326530612
777217 214249 84.0816326530612


745698 547295 84.0816326530612
746417 548027 84.0816326530612


776498 547295 84.0816326530612
777217 548027 84.0816326530612


213875 94 84.1688654353562
214252 463 84.1688654353562


547653 94 84.1688654353562
548030 463 84.1688654353562


1847490 94 84.1688654353562
1847867 463 84.1688654353562


94 1847490 84.1688654353562
463 1847867 84.1688654353562


94 213875 84.1688654353562
463 214252 84.1688654353562


94 547653 84.1688654353562
463 548030 84.1688654353562


516952 143 84.2424242424242
517280 463 84.2424242424242


143 516952 84.2424242424242
463 517280 84.2424242424242


598191 1841965 84.2639593908629
598387 1842161 84.2639593908629


567968 208350 84.2639593908629
568164 208546 84.2639593908629


598191 208350 84.2639593908629
598387 208546 84.2639593908629


208350 567968 84.2639593908629
208546 568164 84.2639593908629


208350 598191 84.2639593908629
208546 598387 84.2639593908629


1841965 598191 84.2639593908629
1842161 598387 84.2639593908629


567968 1841965 84.4559585492228
568160 1842157 84.4559585492228


1841965 567968 84.4559585492228
1842157 568160 84.4559585492228


230883 233172 84.7503373819163
233806 235861 84.7503373819163


233172 230883 84.7503373819163
235861 233806 84.7503373819163


567951 1841894 84.7619047619048
568160 1842103 84.7619047619048


598174 1841894 84.7619047619048
598383 1842103 84.7619047619048


567951 208279 84.7619047619048
568160 208488 84.7619047619048


598174 208279 84.7619047619048
598383 208488 84.7619047619048


208279 598174 84.7619047619048
208488 598383 84.7619047619048


208279 567951 84.7619047619048
208488 568160 84.7619047619048


1841894 567951 84.7619047619048
1842103 568160 84.7619047619048


1841894 598174 84.7619047619048
1842103 598383 84.7619047619048


276887 1864206 84.7826086956522
277803 1865096 84.7826086956522


307482 1887445 84.7826086956522
308398 1888335 84.7826086956522


350727 1864206 84.7826086956522
351643 1865096 84.7826086956522


1864206 350727 84.7826086956522
1865096 351643 84.7826086956522


1864206 276887 84.7826086956522
1865096 277803 84.7826086956522


1887445 307482 84.7826086956522
1888335 308398 84.7826086956522


1876500 169761 84.9802371541502
1876746 170002 84.9802371541502


169761 1876500 84.9802371541502
170002 1876746 84.9802371541502


1899253 659223 85.014409221902
1900973 660948 85.014409221902


659223 1899253 85.014409221902
660948 1900973 85.014409221902


516952 776899 85.0609756097561
517277 777217 85.0609756097561


516952 746099 85.0609756097561
517277 746417 85.0609756097561


746099 516952 85.0609756097561
746417 517277 85.0609756097561


776899 516952 85.0609756097561
777217 517277 85.0609756097561


457002 34701 85.1116625310174
458201 35870 85.1116625310174


473955 42237 85.1116625310174
475154 43406 85.1116625310174


42237 473955 85.1116625310174
43406 475154 85.1116625310174


233799 236535 85.1288056206089
236176 239030 85.1288056206089


236535 233799 85.1288056206089
239030 236176 85.1288056206089


744359 636902 85.1449275362319
744909 637443 85.1449275362319


744359 606603 85.1449275362319
744909 607144 85.1449275362319


775159 636902 85.1449275362319
775709 637443 85.1449275362319


775159 606603 85.1449275362319
775709 607144 85.1449275362319


606603 775159 85.1449275362319
607144 775709 85.1449275362319


606603 744359 85.1449275362319
607144 744909 85.1449275362319


636902 775159 85.1449275362319
637443 775709 85.1449275362319


636902 744359 85.1449275362319
637443 744909 85.1449275362319


232185 233799 85.1581508515815
233813 235289 85.1581508515815


233799 232185 85.1581508515815
235289 233813 85.1581508515815


567600 1836008 85.2719665271967
568760 1837114 85.2719665271967


597823 1836008 85.2719665271967
598983 1837114 85.2719665271967


567600 202393 85.2719665271967
568760 203499 85.2719665271967


597823 202393 85.2719665271967
598983 203499 85.2719665271967


202393 597823 85.2719665271967
203499 598983 85.2719665271967


202393 567600 85.2719665271967
203499 568760 85.2719665271967


1836008 567600 85.2719665271967
1837114 568760 85.2719665271967


1836008 597823 85.2719665271967
1837114 598983 85.2719665271967


312538 659782 85.5491329479769
312710 659954 85.5491329479769


346415 662784 85.5491329479769
346587 662956 85.5491329479769


659782 312538 85.5491329479769
659954 312710 85.5491329479769


662784 346415 85.5491329479769
662956 346587 85.5491329479769


457002 33637 85.6525496974935
458149 34757 85.6525496974935


474007 43350 85.6525496974935
475154 44470 85.6525496974935


43350 474007 85.6525496974935
44470 475154 85.6525496974935


33637 457002 85.6600189933523
34653 458049 85.6600189933523


144553 145574 85.781990521327
144955 145995 85.781990521327


145574 144553 85.781990521327
145995 144955 85.781990521327


156613 157652 85.781990521327
157034 158054 85.781990521327


157652 156613 85.781990521327
158054 157034 85.781990521327


423354 1877438 85.8880778588808
423759 1877848 85.8880778588808


430643 1874692 85.8880778588808
431048 1875102 85.8880778588808


1874692 430643 85.8880778588808
1875102 431048 85.8880778588808


1877438 423354 85.8880778588808
1877848 423759 85.8880778588808


290615 660198 85.9229747675963
291364 660949 85.9229747675963


660198 290615 85.9229747675963
660949 291364 85.9229747675963


293917 661788 85.9416445623342
294666 662540 85.9416445623342


661788 293917 85.9416445623342
662540 294666 85.9416445623342


34701 457002 85.9449192782526
35717 458049 85.9449192782526


729656 702225 86.0586319218241
731177 703753 86.0586319218241


74221 729656 86.0586319218241
75749 731177 86.0586319218241


702225 729656 86.0586319218241
703753 731177 86.0586319218241


729656 74221 86.0586319218241
731177 75749 86.0586319218241


273901 664795 86.0730593607306
274768 665666 86.0730593607306


347741 664795 86.0730593607306
348608 665666 86.0730593607306


664795 347741 86.0730593607306
665666 348608 86.0730593607306


664795 273901 86.0730593607306
665666 274768 86.0730593607306


272590 662799 86.0759493670886
272747 662956 86.0759493670886


662799 272590 86.0759493670886
662956 272747 86.0759493670886


1768134 1768233 86.1198738170347
1768447 1768546 86.1198738170347


1768233 1768134 86.1198738170347
1768546 1768447 86.1198738170347


310517 657073 86.1872146118721
311384 657944 86.1872146118721


657073 310517 86.1872146118721
657944 311384 86.1872146118721


233802 235956 86.2090880203368
236740 239030 86.2090880203368


235956 233802 86.2090880203368
239030 236740 86.2090880203368


233802 237683 86.2371888726208
235072 239030 86.2371888726208


237683 233802 86.2371888726208
239030 235072 86.2371888726208


272757 289694 86.3057324840764
273069 290006 86.3057324840764


289694 272757 86.3057324840764
290006 273069 86.3057324840764


289694 346597 86.3057324840764
290006 346909 86.3057324840764


295277 312216 86.3057324840764
295589 312528 86.3057324840764


312216 295277 86.3057324840764
312528 295589 86.3057324840764


346597 289694 86.3057324840764
346909 290006 86.3057324840764


421611 1873008 86.3509749303621
422322 1873722 86.3509749303621


432080 1878819 86.3509749303621
432791 1879533 86.3509749303621


1873008 421611 86.3509749303621
1873722 422322 86.3509749303621


1878819 432080 86.3509749303621
1879533 432791 86.3509749303621


230883 234159 86.4379736737136
235579 239030 86.4379736737136


234159 230883 86.4379736737136
239030 235579 86.4379736737136


785566 730833 86.5217391304348
786239 731521 86.5217391304348


730833 785566 86.5217391304348
731521 786239 86.5217391304348


35754 33626 86.6612111292962
36966 34812 86.6612111292962


41141 43295 86.6612111292962
42353 44481 86.6612111292962


43295 41141 86.6612111292962
44481 42353 86.6612111292962


537098 627142 86.6666666666667
537427 627455 86.6666666666667


627142 537098 86.6666666666667
627455 537427 86.6666666666667


33626 35754 86.6721177432543
34812 36966 86.6721177432543


233797 234304 86.7101508357114
238467 239030 86.7101508357114


234304 233797 86.7101508357114
239030 238467 86.7101508357114


854524 703378 86.968085106383
854883 703753 86.968085106383


885175 703378 86.968085106383
885534 703753 86.968085106383


854524 75374 86.968085106383
854883 75749 86.968085106383


885175 75374 86.968085106383
885534 75749 86.968085106383


75374 854524 86.968085106383
75749 854883 86.968085106383


75374 885175 86.968085106383
75749 885534 86.968085106383


703378 854524 86.968085106383
703753 854883 86.968085106383


703378 885175 86.968085106383
703753 885534 86.968085106383


785564 703406 87.0689655172414
785895 703753 87.0689655172414


785564 75402 87.0689655172414
785895 75749 87.0689655172414


75402 785564 87.0689655172414
75749 785895 87.0689655172414


703406 785564 87.0689655172414
703753 785895 87.0689655172414


231033 233799 87.1161313095658
233813 236456 87.1161313095658


233799 231033 87.1161313095658
236456 233813 87.1161313095658


186111 186900 87.1369294605809
186348 187137 87.1369294605809


186900 186111 87.1369294605809
187137 186348 87.1369294605809


784656 702566 87.1527777777778
784943 702853 87.1527777777778


784656 74562 87.1527777777778
784943 74849 87.1527777777778


74562 784656 87.1527777777778
74849 784943 87.1527777777778


702566 784656 87.1527777777778
702853 784943 87.1527777777778


288842 1898448 87.1720116618076
289184 1898790 87.1720116618076


1898448 288842 87.1720116618076
1898790 289184 87.1720116618076


272754 1899296 87.2047244094488
273261 1899801 87.2047244094488


346594 1899296 87.2047244094488
347101 1899801 87.2047244094488


1899296 272754 87.2047244094488
1899801 273261 87.2047244094488


1899296 346594 87.2047244094488
1899801 347101 87.2047244094488


569812 697701 87.292817679558
569989 697878 87.292817679558


600035 697701 87.292817679558
600212 697878 87.292817679558


569812 69697 87.292817679558
569989 69874 87.292817679558


600035 69697 87.292817679558
600212 69874 87.292817679558


69697 569812 87.292817679558
69874 569989 87.292817679558


69697 600035 87.292817679558
69874 600212 87.292817679558


697701 600035 87.292817679558
697878 600212 87.292817679558


697701 569812 87.292817679558
697878 569989 87.292817679558


852489 728846 87.3048200950441
853956 730306 87.3048200950441


883140 728846 87.3048200950441
884607 730306 87.3048200950441


728846 852489 87.3048200950441
730306 853956 87.3048200950441


728846 883140 87.3048200950441
730306 884607 87.3048200950441


289491 1899095 87.3320537428023
290010 1899614 87.3320537428023


1899095 289491 87.3320537428023
1899614 290010 87.3320537428023


784616 605973 87.4439461883408
784838 606195 87.4439461883408


784616 636272 87.4439461883408
784838 636494 87.4439461883408


605973 784616 87.4439461883408
606195 784838 87.4439461883408


636272 784616 87.4439461883408
636494 784838 87.4439461883408


568168 626890 87.4581939799331
568764 627471 87.4581939799331


598391 626890 87.4581939799331
598987 627471 87.4581939799331


626890 568168 87.4581939799331
627471 568764 87.4581939799331


626890 598391 87.4581939799331
627471 598987 87.4581939799331


272756 659268 87.6470588235294
273264 659774 87.6470588235294


312021 662964 87.6470588235294
312529 663470 87.6470588235294


346596 659268 87.6470588235294
347104 659774 87.6470588235294


659268 272756 87.6470588235294
659774 273264 87.6470588235294


659268 346596 87.6470588235294
659774 347104 87.6470588235294


662964 312021 87.6470588235294
663470 312529 87.6470588235294


569291 628068 87.8048780487805
570751 629528 87.8048780487805


599514 628068 87.8048780487805
600974 629528 87.8048780487805


628068 569291 87.8048780487805
629528 570751 87.8048780487805


628068 599514 87.8048780487805
629528 600974 87.8048780487805


233799 235371 87.8592532903572
237313 239030 87.8592532903572


235371 233799 87.8592532903572
239030 237313 87.8592532903572


567600 765443 87.8813559322034
568760 766573 87.8813559322034


597823 765443 87.8813559322034
598983 766573 87.8813559322034


765443 567600 87.8813559322034
766573 568760 87.8813559322034


765443 597823 87.8813559322034
766573 598983 87.8813559322034


327143 653381 87.9684418145957
328135 654392 87.9684418145957


330990 668348 87.9684418145957
331982 669359 87.9684418145957


653381 327143 87.9684418145957
654392 328135 87.9684418145957


668348 330990 87.9684418145957
669359 331982 87.9684418145957


230881 232030 88.0379532361911
233802 234783 88.0379532361911


232030 230881 88.0379532361911
234783 233802 88.0379532361911


854514 730793 88.0434782608696
855141 731435 88.0434782608696


885165 730793 88.0434782608696
885792 731435 88.0434782608696


730793 885165 88.0434782608696
731435 885792 88.0434782608696


730793 854514 88.0434782608696
731435 855141 88.0434782608696


70427 698572 88.0952380952381
70551 698696 88.0952380952381


70568 698431 88.0952380952381
70692 698555 88.0952380952381


698431 698572 88.0952380952381
698555 698696 88.0952380952381


698572 698431 88.0952380952381
698696 698555 88.0952380952381


70427 70568 88.0952380952381
70551 70692 88.0952380952381


70568 70427 88.0952380952381
70692 70551 88.0952380952381


698431 70568 88.0952380952381
698555 70692 88.0952380952381


698572 70427 88.0952380952381
698696 70551 88.0952380952381


537587 627617 88.1981981981982
538693 628717 88.1981981981982


627617 537587 88.1981981981982
628717 538693 88.1981981981982


537098 598643 88.2978723404255
537473 599017 88.2978723404255


537098 568420 88.2978723404255
537473 568794 88.2978723404255


568420 537098 88.2978723404255
568794 537473 88.2978723404255


598643 537098 88.2978723404255
599017 537473 88.2978723404255


853254 602451 88.3597883597884
853439 602632 88.3597883597884


853254 632750 88.3597883597884
853439 632931 88.3597883597884


883905 632750 88.3597883597884
884090 632931 88.3597883597884


883905 602451 88.3597883597884
884090 602632 88.3597883597884


602451 853254 88.3597883597884
602632 853439 88.3597883597884


602451 883905 88.3597883597884
602632 884090 88.3597883597884


632750 853254 88.3597883597884
632931 853439 88.3597883597884


632750 883905 88.3597883597884
632931 884090 88.3597883597884


429962 170813 88.5612153708668
431070 171925 88.5612153708668


170813 429962 88.5612153708668
171925 431070 88.5612153708668


574182 729608 88.5869565217391
574365 729785 88.5869565217391


725232 600035 88.5869565217391
725415 600212 88.5869565217391


725232 569812 88.5869565217391
725415 569989 88.5869565217391


729608 574182 88.5869565217391
729785 574365 88.5869565217391


569812 725232 88.6486486486487
569989 725415 88.6486486486487


600035 725232 88.6486486486487
600212 725415 88.6486486486487


209195 729608 88.6486486486487
209377 729785 88.6486486486487


1842810 729608 88.6486486486487
1842992 729785 88.6486486486487


729608 1842810 88.6486486486487
729785 1842992 88.6486486486487


729608 209195 88.6486486486487
729785 209377 88.6486486486487


1896024 1898965 88.8475836431227
1896561 1899502 88.8475836431227


1898965 1896024 88.8475836431227
1899502 1896561 88.8475836431227


853254 1842810 88.9473684210526
853439 1842996 88.9473684210526


883905 1842810 88.9473684210526
884090 1842996 88.9473684210526


853254 209195 88.9473684210526
853439 209381 88.9473684210526


883905 209195 88.9473684210526
884090 209381 88.9473684210526


209195 853254 88.9473684210526
209381 853439 88.9473684210526


209195 883905 88.9473684210526
209381 884090 88.9473684210526


1842810 853254 88.9473684210526
1842996 853439 88.9473684210526


1842810 883905 88.9473684210526
1842996 884090 88.9473684210526


741210 729608 88.9502762430939
741389 729785 88.9502762430939


772010 729608 88.9502762430939
772189 729785 88.9502762430939


729608 741210 88.9502762430939
729785 741389 88.9502762430939


729608 772010 88.9502762430939
729785 772189 88.9502762430939


879607 1838259 88.9705882352941
879738 1838392 88.9705882352941


879607 204644 88.9705882352941
879738 204777 88.9705882352941


204644 879607 88.9705882352941
204777 879738 88.9705882352941


1838259 879607 88.9705882352941
1838392 879738 88.9705882352941


230881 234721 89.1558224891558
233813 237601 89.1558224891558


234721 230881 89.1558224891558
237601 233813 89.1558224891558


250641 370129 89.1566265060241
250805 370290 89.1566265060241


265664 384856 89.1566265060241
265828 385017 89.1566265060241


370129 250641 89.1566265060241
370290 250805 89.1566265060241


384856 265664 89.1566265060241
385017 265828 89.1566265060241


765990 626890 89.1797556719023
766561 627455 89.1797556719023


626890 765990 89.1797556719023
627455 766561 89.1797556719023


227161 759329 89.1965999451604
230784 762949 89.1965999451604


759329 227161 89.1965999451604
762949 230784 89.1965999451604


247213 423833 89.4067796610169
247448 424067 89.4067796610169


269021 430335 89.4067796610169
269256 430569 89.4067796610169


423833 247213 89.4067796610169
424067 247448 89.4067796610169


430335 269021 89.4067796610169
430569 269256 89.4067796610169


853254 741210 89.4179894179894
853439 741393 89.4179894179894


853254 772010 89.4179894179894
853439 772193 89.4179894179894


883905 741210 89.4179894179894
884090 741393 89.4179894179894


883905 772010 89.4179894179894
884090 772193 89.4179894179894


741210 853254 89.4179894179894
741393 853439 89.4179894179894


741210 883905 89.4179894179894
741393 884090 89.4179894179894


772010 853254 89.4179894179894
772193 853439 89.4179894179894


772010 883905 89.4179894179894
772193 884090 89.4179894179894


233802 234873 89.484927605032
237858 239000 89.484927605032


234873 233802 89.484927605032
239000 237858 89.484927605032


202869 626852 89.6683673469388
206767 630721 89.6683673469388


1836484 626852 89.6683673469388
1840382 630721 89.6683673469388


626852 1836484 89.6683673469388
630721 1840382 89.6683673469388


626852 202869 89.6683673469388
630721 206767 89.6683673469388


1897196 657136 89.7404202719407
1898004 657944 89.7404202719407


657136 1897196 89.7404202719407
657944 1898004 89.7404202719407


542978 853254 89.7849462365591
543159 853439 89.7849462365591


542978 883905 89.7849462365591
543159 884090 89.7849462365591


853254 542978 89.7849462365591
853439 543159 89.7849462365591


883905 542978 89.7849462365591
884090 543159 89.7849462365591


309931 1896558 89.9197592778335
311915 1898537 89.9197592778335


1896558 309931 89.9248120300752
1898537 311915 89.9248120300752


312538 1899812 90.2298850574713
312710 1899984 90.2298850574713


1899812 312538 90.2298850574713
1899984 312710 90.2298850574713


230883 238112 90.3083700440529
231773 238998 90.3083700440529


238112 230883 90.3083700440529
238998 231773 90.3083700440529


573880 740960 90.436005625879
577426 744450 90.436005625879


573880 771760 90.436005625879
577426 775250 90.436005625879


740960 573880 90.436005625879
744450 577426 90.436005625879


771760 573880 90.436005625879
775250 577426 90.436005625879


233325 233802 90.4458598726115
233638 234112 90.4458598726115


233802 233325 90.4458598726115
234112 233638 90.4458598726115


607370 777126 90.4768247202983
614863 784610 90.4768247202983


637669 777126 90.4768247202983
645162 784610 90.4768247202983


777126 637669 90.4780929551205
784610 645162 90.4780929551205


777126 607370 90.4780929551205
784610 614863 90.4780929551205


852498 701410 90.5367231638418
853200 702110 90.5367231638418


883149 701410 90.5367231638418
883851 702110 90.5367231638418


852498 73406 90.5367231638418
853200 74106 90.5367231638418


883149 73406 90.5367231638418
883851 74106 90.5367231638418


73406 883149 90.5367231638418
74106 883851 90.5367231638418


73406 852498 90.5367231638418
74106 853200 90.5367231638418


701410 883149 90.5367231638418
702110 883851 90.5367231638418


701410 852498 90.5367231638418
702110 853200 90.5367231638418


602451 729608 90.5555555555556
602628 729785 90.5555555555556


632750 729608 90.5555555555556
632927 729785 90.5555555555556


729608 602451 90.5555555555556
729785 602628 90.5555555555556


729608 632750 90.5555555555556
729785 632927 90.5555555555556


230881 237528 90.5844155844156
232393 239030 90.5844155844156


237528 230881 90.5844155844156
239030 232393 90.5844155844156


546674 775901 90.6103286384976
546882 776113 90.6103286384976


546674 745101 90.6103286384976
546882 745313 90.6103286384976


212896 745101 90.6103286384976
213104 745313 90.6103286384976


212896 775901 90.6103286384976
213104 776113 90.6103286384976


1846511 775901 90.6103286384976
1846719 776113 90.6103286384976


1846511 745101 90.6103286384976
1846719 745313 90.6103286384976


745101 1846511 90.6103286384976
745313 1846719 90.6103286384976


775901 1846511 90.6103286384976
776113 1846719 90.6103286384976


745101 212896 90.6103286384976
745313 213104 90.6103286384976


775901 212896 90.6103286384976
776113 213104 90.6103286384976


745101 546674 90.6103286384976
745313 546882 90.6103286384976


775901 546674 90.6103286384976
776113 546882 90.6103286384976


767710 725250 90.6779661016949
767822 725366 90.6779661016949


725250 767710 90.6779661016949
725366 767822 90.6779661016949


570044 767937 90.819209039548
570751 768643 90.819209039548


600267 767937 90.819209039548
600974 768643 90.819209039548


767937 570044 90.819209039548
768643 570751 90.819209039548


767937 600267 90.819209039548
768643 600974 90.819209039548


759418 620394 90.8225905463474
765863 626883 90.8225905463474


620394 759418 90.8225905463474
626883 765863 90.8225905463474


741093 602334 90.8549299970211
744426 605682 90.8549299970211


741093 632633 90.8549299970211
744426 635981 90.8549299970211


771893 632633 90.8549299970211
775226 635981 90.8549299970211


771893 602334 90.8549299970211
775226 605682 90.8549299970211


602334 741093 90.8549299970211
605682 744426 90.8549299970211


602334 771893 90.8549299970211
605682 775226 90.8549299970211


632633 771893 90.8549299970211
635981 775226 90.8549299970211


632633 741093 90.8549299970211
635981 744426 90.8549299970211


289648 659223 90.9090909090909
290010 659584 90.9090909090909


295273 663154 90.9090909090909
295635 663515 90.9090909090909


230883 236958 90.9090909090909
232966 239030 90.9090909090909


236958 230883 90.9090909090909
239030 232966 90.9090909090909


659223 289648 90.9090909090909
659584 290010 90.9090909090909


663154 295273 90.9090909090909
663515 295635 90.9090909090909


209068 602322 91.0421021200358
212389 605658 91.0421021200358


209068 632621 91.0421021200358
212389 635957 91.0421021200358


1842683 602322 91.0421021200358
1846004 605658 91.0421021200358


1842683 632621 91.0421021200358
1846004 635957 91.0421021200358


602322 1842683 91.0421021200358
605658 1846004 91.0421021200358


632621 1842683 91.0421021200358
635957 1846004 91.0421021200358


602322 209068 91.0421021200358
605658 212389 91.0421021200358


632621 209068 91.0421021200358
635957 212389 91.0421021200358


465873 38848 91.1057692307692
466286 39259 91.1057692307692


38848 465873 91.1057692307692
39259 466286 91.1057692307692


329357 465873 91.1057692307692
329768 466286 91.1057692307692


465873 329357 91.1057692307692
466286 329768 91.1057692307692


542978 729608 91.1111111111111
543155 729785 91.1111111111111


729608 542978 91.1111111111111
729785 543155 91.1111111111111


853623 784636 91.1370262390671
857012 787972 91.1370262390671


884274 784636 91.1370262390671
887663 787972 91.1370262390671


784636 853623 91.1370262390671
787972 857012 91.1370262390671


784636 884274 91.1370262390671
787972 887663 91.1370262390671


876573 722219 91.2296841459675
879822 725475 91.2296841459675


722219 876573 91.2296841459675
725475 879822 91.2296841459675


649001 678010 91.2776412776413
649812 678821 91.2776412776413


678010 649001 91.2776412776413
678821 649812 91.2776412776413


230883 236385 91.3493530499076
233533 239030 91.3493530499076


236385 230883 91.3493530499076
239030 233533 91.3493530499076


722166 694643 91.3532721350311
725537 697985 91.3532721350311


66639 722166 91.3532721350311
69981 725537 91.3532721350311


694643 722166 91.3532721350311
697985 725537 91.3532721350311


722166 66639 91.3532721350311
725537 69981 91.3532721350311


250450 251838 91.3934426229508
250690 252079 91.3934426229508


251838 250450 91.3934426229508
252079 250690 91.3934426229508


264390 265779 91.3934426229508
264631 266019 91.3934426229508


265779 264390 91.3934426229508
266019 264631 91.3934426229508


876549 694670 91.4046595792807
880833 699070 91.4046595792807


876549 66666 91.4046595792807
880833 71066 91.4046595792807


66666 876549 91.4046595792807
71066 880833 91.4046595792807


694670 876549 91.4046595792807
699070 880833 91.4046595792807


542837 602310 91.4583333333333
546167 605658 91.4583333333333


602310 542837 91.4608747396608
605658 546167 91.4608747396608


851286 727641 91.4990859232175
852379 728733 91.4990859232175


881937 727641 91.4990859232175
883030 728733 91.4990859232175


727641 881937 91.4990859232175
728733 883030 91.4990859232175


727641 851286 91.4990859232175
728733 852379 91.4990859232175


740687 632229 91.5178571428571
740910 632452 91.5178571428571


771487 632229 91.5178571428571
771710 632452 91.5178571428571


632229 740687 91.5178571428571
632452 740910 91.5178571428571


632229 771487 91.5178571428571
632452 771710 91.5178571428571


608041 1848457 91.566265060241
615663 1856068 91.566265060241


638340 1848457 91.566265060241
645962 1856068 91.566265060241


1848457 638340 91.5673693858845
1856068 645962 91.5673693858845


1848457 608041 91.5673693858845
1856068 615663 91.5673693858845


230883 238687 91.5730337078652
231238 239030 91.5730337078652


238687 230883 91.5730337078652
239030 231238 91.5730337078652


542716 632488 91.5828784831945
546167 635957 91.5828784831945


632488 542716 91.5852958070075
635957 546167 91.5852958070075


230883 235218 91.5997322623829
233806 238176 91.5997322623829


235218 230883 91.5997322623829
238176 233806 91.5997322623829


542871 574060 91.6716417910448
546191 577402 91.6716417910448


574060 542871 91.6716417910448
577402 546191 91.6716417910448


537587 766714 91.676505312869
540956 770086 91.676505312869


766714 537587 91.676505312869
770086 540956 91.676505312869


759329 13373 91.6959437879272
765539 19608 91.6959437879272


13373 759329 91.6959437879272
19608 765539 91.6959437879272


637669 746326 91.7451975353389
648687 757338 91.7451975353389


746326 637669 91.7459454561928
757338 648687 91.7459454561928


628585 697697 91.7910447761194
628717 697829 91.7910447761194


69693 628585 91.7910447761194
69825 628717 91.7910447761194


697697 628585 91.7910447761194
697829 628717 91.7910447761194


628585 69693 91.7910447761194
628717 69825 91.7910447761194


538805 628823 91.830985915493
539510 629528 91.830985915493


628823 538805 91.830985915493
629528 539510 91.830985915493


569291 1837713 91.85733512786
570751 1839189 91.85733512786


599514 1837713 91.85733512786
600974 1839189 91.85733512786


569291 204098 91.85733512786
570751 205574 91.85733512786


599514 204098 91.85733512786
600974 205574 91.85733512786


204098 599514 91.85733512786
205574 600974 91.85733512786


204098 569291 91.85733512786
205574 570751 91.85733512786


1837713 599514 91.85733512786
1839189 600974 91.85733512786


1837713 569291 91.85733512786
1839189 570751 91.85733512786


766679 627581 91.8799368088468
769838 630723 91.8799368088468


627581 766679 91.8799368088468
630723 769838 91.8799368088468


230883 235797 91.8829008649368
233813 238758 91.8829008649368


235797 230883 91.8829008649368
238758 233813 91.8829008649368


607370 746326 91.9361474533037
619505 758455 91.9361474533037


746326 607370 91.936810926444
758455 619505 91.936810926444


573671 1842131 91.9395465994962
574067 1842526 91.9395465994962


573671 208516 91.9395465994962
574067 208911 91.9395465994962


208516 573671 91.9395465994962
208911 574067 91.9395465994962


1842131 573671 91.9395465994962
1842526 574067 91.9395465994962


539623 1839299 91.9966301600674
540807 1840483 91.9966301600674


539623 205684 91.9966301600674
540807 206868 91.9966301600674


205684 539623 91.9966301600674
206868 540807 91.9966301600674


1839299 539623 91.9966301600674
1840483 540807 91.9966301600674


196276 759329 92.0175558908243
203502 766576 92.0175558908243


1829891 759329 92.0175558908243
1837117 766576 92.0175558908243


759329 1829891 92.0175558908243
766576 1837117 92.0175558908243


759329 196276 92.0175558908243
766576 203502 92.0175558908243


777616 859 92.1322690992018
784610 7862 92.1322690992018


859 777616 92.1322690992018
7862 784610 92.1322690992018


574122 1842750 92.370820668693
577402 1846028 92.370820668693


574122 209135 92.370820668693
577402 212413 92.370820668693


209135 574122 92.370820668693
212413 577402 92.370820668693


1842750 574122 92.370820668693
1846028 577402 92.370820668693


570864 1839299 92.3728813559322
572042 1840477 92.3728813559322


601087 1839299 92.3728813559322
602265 1840477 92.3728813559322


570864 205684 92.3728813559322
572042 206862 92.3728813559322


601087 205684 92.3728813559322
602265 206862 92.3728813559322


205684 570864 92.3728813559322
206862 572042 92.3728813559322


205684 601087 92.3728813559322
206862 602265 92.3728813559322


1839299 570864 92.3728813559322
1840477 572042 92.3728813559322


1839299 601087 92.3728813559322
1840477 602265 92.3728813559322


230883 232602 92.4009700889248
232103 233813 92.4009700889248


232602 230883 92.4009700889248
233813 232103 92.4009700889248


727479 700034 92.507204610951
729553 702109 92.507204610951


72030 727479 92.507204610951
74105 729553 92.507204610951


700034 727479 92.507204610951
702109 729553 92.507204610951


727479 72030 92.507204610951
729553 74105 92.507204610951


230881 231448 92.5879396984925
233231 233801 92.5879396984925


231448 230881 92.5879396984925
233801 233231 92.5879396984925


725897 725984 92.6267281105991
726112 726199 92.6267281105991


725984 725897 92.6267281105991
726199 726112 92.6267281105991


573398 573485 92.6267281105991
573613 573700 92.6267281105991


573485 573398 92.6267281105991
573700 573613 92.6267281105991


560939 759329 92.6368480542548
567104 765494 92.6368480542548


591162 759329 92.6368480542548
597327 765494 92.6368480542548


759329 591162 92.6368480542548
765494 597327 92.6368480542548


759329 560939 92.6368480542548
765494 567104 92.6368480542548


34690 33626 92.7224901359053
36962 35871 92.7224901359053


41145 42236 92.7224901359053
43417 44481 92.7224901359053


42236 41145 92.7224901359053
44481 43417 92.7224901359053


33626 34690 92.7256792287467
35871 36962 92.7256792287467


530189 759329 92.7266849846452
536351 765488 92.7266849846452


759329 530189 92.7266849846452
765488 536351 92.7266849846452


873230 64202 92.7536231884058
874193 65166 92.7536231884058


64202 873230 92.7536231884058
65166 874193 92.7536231884058


851286 700196 92.7787934186472
852379 701288 92.7787934186472


881937 700196 92.7787934186472
883030 701288 92.7787934186472


851286 72192 92.7787934186472
852379 73284 92.7787934186472


881937 72192 92.7787934186472
883030 73284 92.7787934186472


72192 851286 92.7787934186472
73284 852379 92.7787934186472


72192 881937 92.7787934186472
73284 883030 92.7787934186472


700196 881937 92.7787934186472
701288 883030 92.7787934186472


700196 851286 92.7787934186472
701288 852379 92.7787934186472


804046 64202 92.8571428571429
804129 64285 92.8571428571429


64202 804046 92.8571428571429
64285 804129 92.8571428571429


570868 768757 92.9173693086003
572053 769942 92.9173693086003


601091 768757 92.9173693086003
602276 769942 92.9173693086003


768757 601091 92.9173693086003
769942 602276 92.9173693086003


768757 570868 92.9173693086003
769942 572053 92.9173693086003


1848449 1031 93.0262985738584
1856068 8662 93.0262985738584


1031 1848449 93.0262985738584
8662 1856068 93.0262985738584


638332 578836 93.4078643022359
648695 589187 93.4078643022359


578836 638332 93.4084995663487
589187 648695 93.4084995663487


638340 214842 93.4323464172051
648695 225186 93.4323464172051


214842 638340 93.4329797492768
225186 648695 93.4329797492768


638340 517870 93.4419905487511
648695 528214 93.4419905487511


517870 638340 93.4426229508197
528214 648695 93.4426229508197


638340 548620 93.451634680297
648695 558964 93.451634680297


548620 638340 93.4522661523626
558964 648695 93.4522661523626


322333 324680 93.5012185215272
323547 325909 93.5012185215272


324680 322333 93.5012185215272
325909 323547 93.5012185215272


333216 335578 93.5012185215272
334445 336792 93.5012185215272


335578 333216 93.5012185215272
336792 334445 93.5012185215272


639528 1818759 93.5736847837926
648695 1827916 93.5736847837926


1818759 639528 93.5743846656502
1827916 648695 93.5743846656502


64202 719802 93.6555891238671
65194 720790 93.6555891238671


719802 64202 93.6555891238671
720790 65194 93.6555891238671


570864 629638 93.7384898710866
571949 630723 93.7384898710866


601087 629638 93.7384898710866
602172 630723 93.7384898710866


629638 601087 93.7384898710866
630723 602172 93.7384898710866


629638 570864 93.7384898710866
630723 571949 93.7384898710866


539623 629638 93.8305709023941
540708 630723 93.8305709023941


629638 539623 93.8305709023941
630723 540708 93.8305709023941


746816 859 93.9845758354756
758464 12515 93.9845758354756


859 746816 93.9845758354756
12515 758464 93.9845758354756


608033 578836 94.0098129077479
626474 597320 94.0098129077479


578836 608033 94.010135863705
597320 626474 94.010135863705


608041 548620 94.0399137001079
626474 567097 94.0399137001079


548620 608041 94.0402351545224
567097 626474 94.0402351545224


861751 738565 94.0803382663848
863169 739982 94.0803382663848


892402 738565 94.0803382663848
893820 739982 94.0803382663848


738565 892402 94.0803382663848
739982 893820 94.0803382663848


738565 861751 94.0803382663848
739982 863169 94.0803382663848


793020 708810 94.1303370786517
804129 719885 94.1303370786517


708810 793020 94.1303370786517
719885 804129 94.1303370786517


608041 214842 94.136767095887
623937 230784 94.136767095887


214842 608041 94.1371335708482
230784 623937 94.1371335708482


848998 697765 94.1527446300716
849813 698601 94.1527446300716


848998 69761 94.1527446300716
849813 70597 94.1527446300716


69761 848998 94.1527446300716
70597 849813 94.1527446300716


697765 848998 94.1527446300716
698601 849813 94.1527446300716


608041 517870 94.2029767040552
626481 536357 94.2029767040552


517870 608041 94.2032892963063
536357 626481 94.2032892963063


708810 681204 94.2440649729279
720790 693198 94.2440649729279


681204 708810 94.2440649729279
693198 720790 94.2440649729279


574122 632690 94.2943854324734
577395 635974 94.2943854324734


574122 602391 94.2943854324734
577395 605675 94.2943854324734


602391 574122 94.2943854324734
605675 577395 94.2943854324734


632690 574122 94.2943854324734
635974 577395 94.2943854324734


537098 1836774 94.3069306930693
539510 1839189 94.3069306930693


537098 203159 94.3069306930693
539510 205574 94.3069306930693


203159 537098 94.3069306930693
205574 539510 94.3069306930693


1836774 537098 94.3069306930693
1839189 539510 94.3069306930693


786563 732500 94.4023401143465
793990 739982 94.4023401143465


732500 786563 94.4023401143465
739982 793990 94.4023401143465


876549 694670 94.447261663286
880464 698601 94.447261663286


876549 66666 94.447261663286
880464 70597 94.447261663286


66666 876549 94.447261663286
70597 880464 94.447261663286


694670 876549 94.447261663286
698601 880464 94.447261663286


609229 1818759 94.5573212258797
626745 1836323 94.5573212258797


1818759 609229 94.5576301004483
1836323 626745 94.5576301004483


862220 708810 94.5580502462232
874192 720761 94.5580502462232


708810 862220 94.5580502462232
720761 874192 94.5580502462232


538038 599514 94.592645998558
540802 602266 94.592645998558


538038 569291 94.592645998558
540802 572043 94.592645998558


569291 538038 94.592645998558
572043 540802 94.592645998558


599514 538038 94.592645998558
