#-- forward hits sorted by %sim
0 0 0
0 0 0


1536375 1561408 82.296231375986
1537508 1562541 82.296231375986


1561408 1536375 82.296231375986
1562541 1537508 82.296231375986


1534910 1536375 82.4335904027421
1536070 1537535 82.4335904027421


1536375 1534910 82.4335904027421
1537535 1536070 82.4335904027421


1479969 1401827 82.903981264637
1480364 1402252 82.903981264637


1401827 1479969 82.903981264637
1402252 1480364 82.903981264637


1400809 1401827 83.6065573770492
1401207 1402252 83.6065573770492


1401827 1400809 83.6065573770492
1402252 1401207 83.6065573770492


1203344 1401827 83.6065573770492
1203742 1402252 83.6065573770492


1401827 1203344 83.6065573770492
1402252 1203742 83.6065573770492


1479965 1480982 84.5971563981043
1480364 1481403 84.5971563981043


1480982 1479965 84.5971563981043
1481403 1480364 84.5971563981043


1204361 1479965 84.5971563981043
1204782 1480364 84.5971563981043


1479965 1204361 84.5971563981043
1480364 1204782 84.5971563981043


1412845 1413885 85.781990521327
1413266 1414287 85.781990521327


1413885 1412845 85.781990521327
1414287 1413266 85.781990521327


1204361 1400805 85.781990521327
1204782 1401207 85.781990521327


1215399 1413885 85.781990521327
1215820 1414287 85.781990521327


1216439 1412845 85.781990521327
1216841 1413266 85.781990521327


1480982 1400805 85.781990521327
1481403 1401207 85.781990521327


1203340 1480982 85.781990521327
1203742 1481403 85.781990521327


1400805 1480982 85.781990521327
1401207 1481403 85.781990521327


1203340 1204361 85.781990521327
1203742 1204782 85.781990521327


1204361 1203340 85.781990521327
1204782 1203742 85.781990521327


1215399 1216439 85.781990521327
1215820 1216841 85.781990521327


1216439 1215399 85.781990521327
1216841 1215820 85.781990521327


1400805 1204361 85.781990521327
1401207 1204782 85.781990521327


1412845 1216439 85.781990521327
1413266 1216841 85.781990521327


1413885 1215399 85.781990521327
1414287 1215820 85.781990521327


1480982 1203340 85.781990521327
1481403 1203742 85.781990521327


253524 253425 86.1198738170347
253837 253738 86.1198738170347


1597361 1597449 86.4253393665158
1597578 1597662 86.4253393665158


1597449 1597361 86.4253393665158
1597662 1597578 86.4253393665158


1185040 1597449 87.2727272727273
1185254 1597662 87.2727272727273


1597449 1185040 87.2727272727273
1597662 1185254 87.2727272727273


1422177 1597449 88.5321100917431
1422392 1597662 88.5321100917431


1452399 1597449 88.5321100917431
1452614 1597662 88.5321100917431


1597449 1452399 88.5321100917431
1597662 1452614 88.5321100917431


1597449 1422177 88.5321100917431
1597662 1422392 88.5321100917431


1596695 1328211 88.5869565217391
1596878 1328388 88.5869565217391


1602287 149071 88.597972972973
1603450 150206 88.597972972973


149071 1602287 88.597972972973
150206 1603450 88.597972972973


1328211 1596695 88.6486486486487
1328388 1596878 88.6486486486487


253425 253524 88.9473684210526
253614 253710 88.9473684210526


1421513 1328211 89.0710382513661
1421695 1328388 89.0710382513661


1451735 1328211 89.0710382513661
1451917 1328388 89.0710382513661


1185128 1597361 89.0909090909091
1185340 1597578 89.0909090909091


1597361 1185128 89.0909090909091
1597578 1185340 89.0909090909091


1189986 149071 89.0955198647506
1191148 150206 89.0955198647506


1427117 149071 89.0955198647506
1428279 150206 89.0955198647506


1457339 149071 89.0955198647506
1458501 150206 89.0955198647506


149071 1189986 89.0955198647506
150206 1191148 89.0955198647506


149071 1457339 89.0955198647506
150206 1458501 89.0955198647506


149071 1427117 89.0955198647506
150206 1428279 89.0955198647506


1181353 140326 89.1162514827995
1184678 143646 89.1162514827995


140326 1181353 89.1162514827995
143646 1184678 89.1162514827995


1328211 1451735 89.1304347826087
1328388 1451917 89.1304347826087


1328211 1421513 89.1304347826087
1328388 1421695 89.1304347826087


1422264 1597361 90.4545454545455
1422479 1597578 90.4545454545455


1452486 1597361 90.4545454545455
1452701 1597578 90.4545454545455


1597361 1452486 90.4545454545455
1597578 1452701 90.4545454545455


1597361 1422264 90.4545454545455
1597578 1422479 90.4545454545455


1593663 140326 90.8196721311475
1597000 143646 90.8196721311475


140326 1593663 90.8196721311475
143646 1597000 90.8196721311475


1179320 118331 90.9565217391304
1179892 118902 90.9565217391304


1179320 137310 90.9565217391304
1179892 137881 90.9565217391304


118331 1179320 90.9565217391304
118902 1179892 90.9565217391304


137310 1179320 90.9565217391304
137881 1179892 90.9565217391304


1328211 143362 91.1111111111111
1328388 143539 91.1111111111111


143362 1328211 91.1111111111111
143539 1328388 91.1111111111111


1418481 140326 91.2264995523724
1421817 143646 91.2264995523724


140326 1418481 91.2264995523724
143646 1421817 91.2264995523724


1422177 1185128 91.2442396313364
1422392 1185340 91.2442396313364


1452399 1185128 91.2442396313364
1452614 1185340 91.2442396313364


1185128 1422177 91.2442396313364
1185340 1422392 91.2442396313364


1185128 1452399 91.2442396313364
1185340 1452614 91.2442396313364


1448698 140326 91.6392953120334
1452039 143646 91.6392953120334


140326 1448698 91.6392953120334
143646 1452039 91.6392953120334


1422177 1422264 92.6267281105991
1422392 1422479 92.6267281105991


1422177 1452486 92.6267281105991
1422392 1452701 92.6267281105991


1422264 1452399 92.6267281105991
1422479 1452614 92.6267281105991


1422264 1422177 92.6267281105991
1422479 1422392 92.6267281105991


1452399 1452486 92.6267281105991
1452614 1452701 92.6267281105991


1452399 1422264 92.6267281105991
1452614 1422479 92.6267281105991


1452486 1452399 92.6267281105991
1452701 1452614 92.6267281105991


1452486 1422177 92.6267281105991
1452701 1422392 92.6267281105991


145715 1599018 92.9036929761043
148452 1601737 92.9036929761043


1599018 145715 92.9062613101701
1601737 148452 92.9062613101701


1185082 1185169 93.7142857142857
1185254 1185340 93.7142857142857


1185169 1185082 93.7142857142857
1185340 1185254 93.7142857142857


145715 1186705 94.5565969718818
148479 1189455 94.5565969718818


1186705 145715 94.5585585585586
1189455 148479 94.5585585585586


145715 1423834 94.592645998558
148479 1426586 94.592645998558


145715 1454056 94.592645998558
148479 1456808 94.592645998558


1423834 145715 94.5945945945946
1426586 148479 94.5945945945946


1454056 145715 94.5945945945946
1456808 148479 94.5945945945946


892279 892370 95.2380952380952
892358 892453 95.2380952380952


892370 892279 95.2380952380952
892453 892358 95.2380952380952


1422305 1185082 95.4285714285714
1422479 1185254 95.4285714285714


1452527 1185082 95.4285714285714
1452701 1185254 95.4285714285714


1185082 1452527 95.4285714285714
1185254 1452701 95.4285714285714


1185082 1422305 95.4285714285714
1185254 1422479 95.4285714285714


1602885 1602941 95.7746478873239
1603026 1603080 95.7746478873239


1602941 1602885 95.7746478873239
1603080 1603026 95.7746478873239


661251 1309443 96.3125
664430 1312603 96.3125


1309443 661251 96.3136519837551
1312603 664430 96.3136519837551


1184387 1328224 96.4601769911504
1184499 1328333 96.4601769911504


1328224 1184387 96.4601769911504
1328333 1184499 96.4601769911504


541330 541387 96.7213114754098
541570 541630 96.7213114754098


541387 541330 96.7213114754098
541630 541570 96.7213114754098


1603944 150153 97.4666052510364
1608266 154481 97.4666052510364


150153 1603944 97.4671885793231
154481 1608266 97.4671885793231


885275 885436 97.5155279503106
885434 885596 97.5155279503106


885436 885275 97.5155279503106
885596 885434 97.5155279503106


1431537 103201 97.6229820770306
1447240 118902 97.6229820770306


103201 1431537 97.6229820770306
118902 1447240 97.6229820770306


1416370 1347424 97.7027027027027
1417105 1348159 97.7027027027027


1347424 1416370 97.7027027027027
1348159 1417105 97.7027027027027


11162 36183 97.7611940298508
11295 36314 97.7611940298508


11532 36551 97.7611940298508
11663 36684 97.7611940298508


36183 11162 97.7611940298508
36314 11295 97.7611940298508


36551 11532 97.7611940298508
36684 11663 97.7611940298508


1326367 1326421 97.8571428571428
1326506 1326560 97.8571428571428


1326421 1326367 97.8571428571428
1326560 1326506 97.8571428571428


1190585 1602941 97.8571428571428
1190724 1603080 97.8571428571428


1427716 1602941 97.8571428571428
1427855 1603080 97.8571428571428


1457938 1602941 97.8571428571428
1458077 1603080 97.8571428571428


1190585 1190639 97.8571428571428
1190724 1190778 97.8571428571428


1190639 1190585 97.8571428571428
1190778 1190724 97.8571428571428


1427716 1190639 97.8571428571428
1427855 1190778 97.8571428571428


1427770 1190585 97.8571428571428
1427909 1190724 97.8571428571428


1457938 1190639 97.8571428571428
1458077 1190778 97.8571428571428


1457992 1190585 97.8571428571428
1458131 1190724 97.8571428571428


1602941 1190585 97.8571428571428
1603080 1190724 97.8571428571428


1427716 1427770 97.8571428571428
1427855 1427909 97.8571428571428


1427716 1457992 97.8571428571428
1427855 1458131 97.8571428571428


1427770 1427716 97.8571428571428
1427909 1427855 97.8571428571428


1427770 1457938 97.8571428571428
1427909 1458077 97.8571428571428


1457938 1457992 97.8571428571428
1458077 1458131 97.8571428571428


1457938 1427770 97.8571428571428
1458077 1427909 97.8571428571428


1457992 1427716 97.8571428571428
1458131 1427855 97.8571428571428


1457992 1457938 97.8571428571428
1458131 1458077 97.8571428571428


1190585 1457992 97.8571428571428
1190724 1458131 97.8571428571428


1190585 1427770 97.8571428571428
1190724 1427909 97.8571428571428


1190639 1457938 97.8571428571428
1190778 1458077 97.8571428571428


1190639 1427716 97.8571428571428
1190778 1427855 97.8571428571428


1602941 1427716 97.8571428571428
1603080 1427855 97.8571428571428


1602941 1457938 97.8571428571428
1603080 1458077 97.8571428571428


1606703 103201 97.8940650925335
1608266 104757 97.8940650925335


103201 1606703 97.8954081632653
104757 1608266 97.8954081632653


1592241 1179928 97.906213219352
1608266 1195966 97.906213219352


1179928 1592241 97.906342913776
1195966 1608266 97.906342913776


1312669 1309443 97.9222163026106
1314540 1311306 97.9222163026106


1309443 1312669 97.9233226837061
1311306 1314540 97.9233226837061


1312669 84822 98.1203007518797
1313199 85348 98.1203007518797


84822 1312669 98.1203007518797
85348 1313199 98.1203007518797


1428773 150153 98.265082838387
1435167 156550 98.265082838387


150153 1428773 98.265082838387
156550 1435167 98.265082838387


1458995 150153 98.2764447448462
1461950 153111 98.2764447448462


150153 1458995 98.2764447448462
153111 1461950 98.2764447448462


156654 1314550 98.3934611048478
160178 1318089 98.3934611048478


1314550 156654 98.3934611048478
1318089 160178 98.3934611048478


1218925 1347424 98.4033453716024
1224167 1352662 98.4033453716024


1347424 1218925 98.4033453716024
1352662 1224167 98.4033453716024


1194406 103201 98.4890878567431
1196189 104980 98.4890878567431


103201 1194406 98.4890878567431
104980 1196189 98.4890878567431


1429516 120153 98.4939928930002
1447240 137881 98.4939928930002


120153 1429516 98.4939928930002
137881 1447240 98.4939928930002


1191642 150153 98.5281195079086
1196189 154704 98.5281195079086


150153 1191642 98.5281195079086
154704 1196189 98.5281195079086


1604683 120153 98.5817575083426
1608266 123738 98.5817575083426


120153 1604683 98.582151793161
123738 1608266 98.582151793161


1499338 1490147 98.5845129059117
1500534 1491347 98.5845129059117


1490147 1499338 98.5845129059117
1491347 1500534 98.5845129059117


1592282 1417105 98.6983059292476
1608266 1433098 98.6983059292476


1417105 1592282 98.6983869963256
1433098 1608266 98.6983869963256


1447276 1592241 98.8045102567586
1461950 1606895 98.8045102567586


1592241 1447276 98.8045102567586
1606895 1461950 98.8045102567586


1417105 1179970 98.8513513513513
1433321 1196189 98.8513513513513


1179970 1417105 98.8513513513513
1196189 1433321 98.8513513513513


661251 84822 98.8657844990548
661779 85348 98.8657844990548


84822 661251 98.8657844990548
85348 661779 98.8657844990548


1446670 1179320 98.8718617541572
1461950 1194597 98.8718617541572


1179320 1446670 98.8718617541572
1194597 1461950 98.8718617541572


1498849 1378971 98.9349112426035
1500534 1380659 98.9349112426035


1378971 1498849 98.9349112426035
1380659 1500534 98.9349112426035


1461759 103201 98.9690721649485
1461950 103394 98.9690721649485


103201 1461759 98.9690721649485
103394 1461950 98.9690721649485


1523685 1347424 98.9884393063584
1525065 1348802 98.9884393063584


1347424 1523685 98.9884393063584
1348802 1525065 98.9884393063584


1522608 1415292 99.0088105726872
1524418 1417105 99.0088105726872


1415292 1522608 99.0088105726872
1417105 1524418 99.0088105726872


122177 103201 99.0588235294118
139136 120153 99.0588235294118


103201 122177 99.0588235294118
120153 139136 99.0588235294118


1562683 1415493 99.0712074303406
1564293 1417105 99.0712074303406


1415493 1562683 99.0712074303406
1417105 1564293 99.0712074303406


160184 1497001 99.1530208921513
163721 1500534 99.1530208921513


1497001 160184 99.1530208921513
1500534 163721 99.1530208921513


1196189 1393651 99.1663476670495
1219659 1417105 99.1663476670495


1393651 1196189 99.1663476670495
1417105 1219659 99.1663476670495


253425 253491 99.1686805219913
263769 263769 99.1686805219913


253491 253425 99.2233582383012
263596 263596 99.2233582383012


1192385 120153 99.3436597532161
1196189 123961 99.3436597532161


120153 1192385 99.3436597532161
123961 1196189 99.3436597532161


25453 1 99.3565533641069
32580 7124 99.3565533641069


25453 1 99.3565533641069
32580 7124 99.3565533641069


1 25453 99.3565533641069
7124 32580 99.3565533641069


1 25453 99.3565533641069
7124 32580 99.3565533641069


1563560 1347424 99.3802406124681
1566299 1350162 99.3802406124681


1347424 1563560 99.3802406124681
1350162 1566299 99.3802406124681


1 1 99.4121763470959
7124 7124 99.4121763470959


1 1 99.4121763470959
7124 7124 99.4121763470959


1533494 1498059 99.4318181818182
1533669 1498233 99.4318181818182


1559992 1498059 99.4318181818182
1560167 1498233 99.4318181818182


1498059 1533494 99.4318181818182
1498233 1533669 99.4318181818182


1498059 1559992 99.4318181818182
1498233 1560167 99.4318181818182


1474059 1394903 99.4403892944039
1482263 1403109 99.4403892944039


1394903 1474059 99.4403892944039
1403109 1482263 99.4403892944039


1493369 1328885 99.4704570791527
1500534 1336054 99.4704570791527


1328885 1493369 99.4704570791527
1336054 1500534 99.4704570791527


163745 1493305 99.5027624309392
170979 1500534 99.5027624309392


171003 1493305 99.5027624309392
178237 1500534 99.5027624309392


1493305 163745 99.5027624309392
1500534 170979 99.5027624309392


1493305 171003 99.5027624309392
1500534 178237 99.5027624309392


243461 243461 99.5232243794544
263769 263769 99.5232243794544


635070 1286510 99.5868357315857
663122 1314542 99.5868357315857


1286510 635070 99.5868504469851
1314542 663122 99.5868504469851


1459738 120153 99.5938628158845
1461950 122368 99.5938628158845


120153 1459738 99.5938628158845
122368 1461950 99.5938628158845


1493305 1380683 99.6084463711369
1500446 1387829 99.6084463711369


1380683 1493305 99.6084463711369
1387829 1500446 99.6084463711369


658006 1312669 99.6266666666667
659877 1314542 99.6266666666667


1312669 658006 99.6266666666667
1314542 659877 99.6266666666667


1235999 85348 99.6307072515667
1253858 103201 99.6307072515667


85348 1235999 99.6307072515667
103201 1253858 99.6307072515667


658006 661251 99.685534591195
661185 664430 99.685534591195


661251 658006 99.685534591195
664430 661185 99.685534591195


1116702 1286510 99.6925502562081
1129377 1299183 99.6925502562081


1286510 1116702 99.6925502562081
1299183 1129377 99.6925502562081


1493305 1336078 99.6931407942238
1498838 1341614 99.6931407942238


1336078 1493305 99.6931407942238
1341614 1498838 99.6931407942238


10200 10200 99.694423223835
37646 37646 99.694423223835


10200 10200 99.694423223835
37646 37646 99.694423223835


1197440 1474059 99.6955303860675
1205641 1482263 99.6955303860675


1474059 1197440 99.6955303860675
1482263 1205641 99.6955303860675


152920 103201 99.6973032471106
156551 106827 99.6973032471106


103201 152920 99.6973032471106
106827 156551 99.6973032471106


1281924 98833 99.7029250457038
1286299 103201 99.7029250457038


98833 1281924 99.7029250457038
103201 1286299 99.7029250457038


1562683 1522809 99.7342781222321
1564939 1525065 99.7342781222321


1522809 1562683 99.7342781222321
1525065 1564939 99.7342781222321


178261 1493305 99.7343075390236
181266 1496314 99.7343075390236


1493305 178261 99.7343075390236
1496314 181266 99.7343075390236


1249488 1281924 99.7384481255449
1254069 1286510 99.7384481255449


1281924 1249488 99.7384481255449
1286510 1254069 99.7384481255449


1072599 1566299 99.7420000770149
1098557 1592241 99.7420000770149


1566299 1072599 99.7420000770149
1592241 1098557 99.7420000770149


632190 1113822 99.7430296800719
647744 1129377 99.7430296800719


1113822 632190 99.7430296800719
1129377 647744 99.7430296800719


1217847 1522608 99.7561966680211
1220307 1525065 99.7561966680211


1522608 1217847 99.7561966680211
1525065 1220307 99.7561966680211


178325 1328885 99.7623896809233
181266 1331828 99.7623896809233


1328885 178325 99.7623896809233
1331828 181266 99.7623896809233


1525065 1551561 99.7753212905545
1536185 1562683 99.7753212905545


1551561 1525065 99.7753212905545
1562683 1536185 99.7753212905545


1491435 1328885 99.7863247863248
1493305 1330754 99.7863247863248


1328885 1491435 99.7863247863248
1330754 1493305 99.7863247863248


1521194 1129377 99.788285109386
1522608 1130793 99.788285109386


1129377 1521194 99.788285109386
1130793 1522608 99.788285109386


17516 17516 99.7915839618896
37646 37646 99.7915839618896


1417105 1447317 99.8223679715789
1431728 1461950 99.8223679715789


1447317 1417105 99.8223679715789
1461950 1431728 99.8223679715789


1125957 71142 99.853886616014
1129377 74561 99.853886616014


71142 1125957 99.853886616014
74561 1129377 99.853886616014


1544694 1376134 99.8591053187742
1547531 1378971 99.8591053187742


1376134 1544694 99.8591053187742
1378971 1547531 99.8591053187742


177037 1490147 99.873417721519
180193 1493305 99.873417721519


1490147 177037 99.873417721519
1493305 180193 99.873417721519


774236 1279285 99.886449659349
776877 1281924 99.886449659349


1279285 774236 99.886449659349
1281924 776877 99.886449659349


1218048 1562683 99.8895027624309
1221667 1566299 99.8895027624309


1562683 1218048 99.8895027624309
1566299 1221667 99.8895027624309


1100647 1341614 99.8967830724239
1106457 1347424 99.8967830724239


1341614 1100647 99.8967830724239
1347424 1106457 99.8967830724239


160184 174699 99.9087035909921
166753 181266 99.9087035909921


174699 160184 99.9087035909921
181266 166753 99.9087035909921


176549 1378971 99.9152901313003
181266 1383692 99.9152901313003


1378971 176549 99.9152901313003
1383692 181266 99.9152901313003


171067 1328885 99.921607055365
181266 1339087 99.921607055365


1328885 171067 99.921607055365
1339087 181266 99.921607055365


666552 1465938 99.9261720191953
674678 1474059 99.9261720191953


1465938 666552 99.9261720191953
1474059 674678 99.9261720191953


162522 1490147 99.9367088607595
165680 1493305 99.9367088607595


169779 1490147 99.9367088607595
172937 1493305 99.9367088607595


1490147 162522 99.9367088607595
1493305 165680 99.9367088607595


1490147 169779 99.9367088607595
1493305 172937 99.9367088607595


1295762 71142 99.9437095412328
1309971 85348 99.9437095412328


71142 1295762 99.9437095412328
85348 1309971 99.9437095412328


25453 1 99.9438832772166
32580 7124 99.9438832772166


1 25453 99.9438832772166
7124 32580 99.9438832772166


1328885 1336142 99.9451854558743
1334355 1341614 99.9451854558743


1336142 1328885 99.9451854558743
1341614 1334355 99.9451854558743


1493305 1491371 99.948347107438
1495240 1493305 99.948347107438


1491371 1493305 99.948347107438
1493305 1495240 99.948347107438


644322 71142 99.9507493140083
658534 85348 99.9507493140083


71142 644322 99.9507493140083
85348 658534 99.9507493140083


1500534 1299188 99.9553172475425
1505007 1303663 99.9553172475425


647749 1500534 99.9553172475425
652224 1505007 99.9553172475425


1299188 1500534 99.9553172475425
1303663 1505007 99.9553172475425


1500534 647749 99.9553172475425
1505007 652224 99.9553172475425


160184 167441 99.9566160520607
174011 181266 99.9566160520607


167441 160184 99.9566160520607
181266 174011 99.9566160520607


1328885 1380747 99.9576450656501
1335965 1387829 99.9576450656501


1380747 1328885 99.9576450656501
1387829 1335965 99.9576450656501


163809 1328885 99.9607288721332
176538 1341614 99.9607288721332


1328885 163809 99.9607288721332
1341614 176538 99.9607288721332


1490147 1379459 99.9683544303797
1493305 1382618 99.9683544303797


1490147 1334854 99.9683544303797
1493305 1338013 99.9683544303797


1379459 1490147 99.9683544303797
1382618 1493305 99.9683544303797


1334854 1490147 99.9683544303797
1338013 1493305 99.9683544303797


160184 1384380 99.9710144927536
163632 1387829 99.9710144927536


1384380 160184 99.9710144927536
1387829 163632 99.9710144927536


622458 1461950 99.9749373433584
626447 1465938 99.9749373433584


1461950 622458 99.9749373433584
1465938 626447 99.9749373433584


162034 1378971 99.9774240884976
170890 1387829 99.9774240884976


1378971 162034 99.9774240884976
1387829 170890 99.9774240884976


1500534 74566 99.9776536312849
1505007 79040 99.9776536312849


74566 1500534 99.9776536312849
79040 1505007 99.9776536312849


160184 1332516 99.9780195625893
169280 1341614 99.9780195625893


1332516 160184 99.9780195625893
1341614 169280 99.9780195625893


169291 1378971 99.9887120442488
178148 1387829 99.9887120442488


1378971 169291 99.9887120442488
1387829 178148 99.9887120442488


1341614 1341614 100
1347424 1347424 100


1347424 1347424 100
1352662 1352662 100


1352662 1352662 100
1376134 1376134 100


1376134 1376134 100
1378971 1378971 100


1334366 1378971 100
1341614 1386219 100


1378971 1378971 100
1387829 1387829 100


1490147 1386718 100
1491258 1387829 100


1533494 1385438 100
1533669 1385613 100


1559992 1385438 100
1560167 1385613 100


1387829 1387829 100
1417105 1417105 100


71142 71142 100
85348 85348 100


85348 85348 100
103201 103201 100


103201 103201 100
120153 120153 100


120153 120153 100
156551 156551 100


1279285 1279285 100
1281924 1281924 100


1281924 1281924 100
1286510 1286510 100


1286510 1286510 100
1314542 1314542 100


1314542 1314542 100
1325279 1325279 100


1325279 1325279 100
1328885 1328885 100


1328885 1328885 100
1341614 1341614 100


160184 1339775 100
162023 1341614 100


1378971 1334366 100
1386219 1341614 100


1533494 1333574 100
1533669 1333749 100


1533494 1340833 100
1533669 1341008 100


1559992 1333574 100
1560167 1333749 100


1559992 1340833 100
1560167 1341008 100


1592241 1592241 100
1608266 1608266 100


1098574 1098574 100
1113822 1113822 100


1113822 1113822 100
1129377 1129377 100


1129377 1129377 100
1168225 1168225 100


1474059 1474059 100
1482263 1482263 100


1482263 1482263 100
1490147 1490147 100


1386718 1490147 100
1387829 1491258 100


1490147 1490147 100
1493305 1493305 100


1493305 1493305 100
1500534 1500534 100


1500534 1500534 100
1505007 1505007 100


1505007 1505007 100
1522608 1522608 100


1522608 1522608 100
1525065 1525065 100


1525065 1525065 100
1562683 1562683 100


161242 1533494 100
161417 1533669 100


161242 1559992 100
161417 1560167 100


168499 1533494 100
168674 1533669 100


168499 1559992 100
168674 1560167 100


175757 1533494 100
175932 1533669 100


175757 1559992 100
175932 1560167 100


1333574 1533494 100
1333749 1533669 100


1333574 1559992 100
1333749 1560167 100


1340833 1533494 100
1341008 1533669 100


1340833 1559992 100
1341008 1560167 100


1385438 1533494 100
1385613 1533669 100


1385438 1559992 100
1385613 1560167 100


1562683 1562683 100
1566299 1566299 100


1566299 1566299 100
1592241 1592241 100


1168225 1168225 100
1172008 1172008 100


1172008 1172008 100
1179320 1179320 100


1179320 1179320 100
1196189 1196189 100


1196189 1196189 100
1279285 1279285 100


1417105 1417105 100
1461950 1461950 100


1461950 1461950 100
1465938 1465938 100


1465938 1465938 100
1474059 1474059 100


156551 156551 100
160184 160184 100


160184 160184 100
181266 181266 100


1339775 160184 100
1341614 162023 100


1533494 161242 100
1533669 161417 100


1533494 168499 100
1533669 168674 100


1533494 175757 100
1533669 175932 100


1559992 161242 100
1560167 161417 100


1559992 168499 100
1560167 168674 100


1559992 175757 100
1560167 175932 100


181266 181266 100
1098574 1098574 100


616153 617290 100
617315 618452 100


617290 616153 100
618452 617315 100


1 1 100
7124 7124 100


7124 7124 100
40848 40848 100


40848 40848 100
71142 71142 100


