#-- forward hits sorted by %sim
0 0 0
0 0 0


945770 956575 72.3735408560311
946026 956770 72.3735408560311


1108989 1296492 77.5757575757576
1109480 1296974 77.5757575757576


1296492 1108989 77.5757575757576
1296974 1109480 77.5757575757576


1043102 1021640 80.1457194899818
1043647 1022126 80.1457194899818


1021640 1043102 80.1457194899818
1022126 1043647 80.1457194899818


1335598 1274064 80.3964757709251
1336047 1274513 80.3964757709251


1274064 1335598 80.3964757709251
1274513 1336047 80.3964757709251


1148259 1300141 80.5309734513274
1148473 1300364 80.5309734513274


916127 1175822 81.283422459893
917244 1176921 81.283422459893


1175822 916127 81.283422459893
1176921 917244 81.283422459893


916485 1044410 81.3559322033898
917181 1045100 81.3559322033898


1044410 916485 81.3559322033898
1045100 917181 81.3559322033898


1340125 1073437 81.4298978644382
1341194 1074509 81.4298978644382


1073437 1340125 81.4298978644382
1074509 1341194 81.4298978644382


944109 1044461 81.5457413249211
944731 1045089 81.5457413249211


1044461 944109 81.5457413249211
1045089 944731 81.5457413249211


916127 1144582 81.5672306322351
917244 1145681 81.5672306322351


1144582 916127 81.5672306322351
1145681 917244 81.5672306322351


1490149 1204459 81.9620253164557
1490780 1205082 81.9620253164557


1204459 1490149 81.9620253164557
1205082 1490780 81.9620253164557


1494294 1203101 81.9672131147541
1494474 1203282 81.9672131147541


1203101 1494294 81.9672131147541
1203282 1494474 81.9672131147541


916155 1235834 82.051282051282
917244 1236905 82.051282051282


1235834 916155 82.051282051282
1236905 917244 82.051282051282


1498721 1274063 82.1529745042493
1499419 1274759 82.1529745042493


1274063 1498721 82.1529745042493
1274759 1499419 82.1529745042493


1030057 1034573 82.1969696969697
1030824 1035290 82.1969696969697


1034573 1030057 82.1969696969697
1035290 1030824 82.1969696969697


1512836 1385236 82.2047244094488
1513469 1385853 82.2047244094488


1385236 1512836 82.2047244094488
1385853 1513469 82.2047244094488


1044689 1206024 82.2115384615385
1045102 1206434 82.2115384615385


1206024 1044689 82.2115384615385
1206434 1045102 82.2115384615385


1003241 1004706 82.4335904027421
1004401 1005866 82.4335904027421


1004706 1003241 82.4335904027421
1005866 1004401 82.4335904027421


1044043 1265682 82.5147347740668
1044550 1266186 82.5147347740668


1265682 1044043 82.5147347740668
1266186 1044550 82.5147347740668


1498715 1335588 83.2167832167832
1499422 1336295 83.2167832167832


1335588 1498715 83.2167832167832
1336295 1499422 83.2167832167832


1325524 1142664 83.2446808510638
1325883 1143039 83.2446808510638


1142664 1325524 83.2446808510638
1143039 1325883 83.2446808510638


1385249 1113994 83.4080717488789
1385897 1114661 83.4080717488789


1113994 1385249 83.4080717488789
1114661 1385897 83.4080717488789


1044120 1205467 83.7962962962963
1044550 1205894 83.7962962962963


1205467 1044120 83.7962962962963
1205894 1044550 83.7962962962963


943364 1099449 83.8652482269504
943921 1099985 83.8652482269504


1099449 943364 83.8652482269504
1099985 943921 83.8652482269504


1147387 1268451 83.9901477832512
1147791 1268854 83.9901477832512


1268451 1147387 83.9901477832512
1268854 1147791 83.9901477832512


1152861 1274040 84.0816326530612
1153593 1274759 84.0816326530612


1304901 1274040 84.0816326530612
1305633 1274759 84.0816326530612


1274040 1304901 84.0816326530612
1274759 1305633 84.0816326530612


1274040 1152861 84.0816326530612
1274759 1153593 84.0816326530612


1335031 1273443 84.1432225063939
1335409 1273833 84.1432225063939


1273443 1335031 84.1432225063939
1273833 1335409 84.1432225063939


1335926 1305259 84.1688654353562
1336295 1305636 84.1688654353562


1335926 1153219 84.1688654353562
1336295 1153596 84.1688654353562


1153219 1335926 84.1688654353562
1153596 1336295 84.1688654353562


1305259 1335926 84.1688654353562
1305636 1336295 84.1688654353562


1515936 1118836 84.1954022988506
1516627 1119524 84.1954022988506


1118836 1515936 84.1954022988506
1119524 1516627 84.1954022988506


1173533 1299734 84.2639593908629
1173729 1299930 84.2639593908629


1299734 1173533 84.2639593908629
1299930 1173729 84.2639593908629


1519317 984236 84.6715328467153
1519857 984772 84.6715328467153


984236 1519317 84.6715328467153
984772 1519857 84.6715328467153


1173516 1299663 84.7619047619048
1173725 1299872 84.7619047619048


1299663 1173516 84.7619047619048
1299872 1173725 84.7619047619048


913272 1236182 84.9028400597907
913935 1236840 84.9028400597907


1236182 913272 84.9028400597907
1236840 913935 84.9028400597907


1405505 1121151 84.9462365591398
1406704 1122320 84.9462365591398


1033226 1035281 85.0050658561297
1035915 1038204 85.0050658561297


1035281 1033226 85.0050658561297
1038204 1035915 85.0050658561297


1030057 1032911 85.1288056206089
1032552 1035288 85.1288056206089


1032911 1030057 85.1288056206089
1035288 1032552 85.1288056206089


1213267 1272701 85.1449275362319
1213808 1273251 85.1449275362319


1272701 1213267 85.1449275362319
1273251 1213808 85.1449275362319


1033798 1035274 85.1581508515815
1035288 1036902 85.1581508515815


1035274 1033798 85.1581508515815
1036902 1035288 85.1581508515815


1173165 1293777 85.2719665271967
1174325 1294883 85.2719665271967


1293777 1173165 85.2719665271967
1294883 1174325 85.2719665271967


944112 1236215 85.3932584269663
944731 1236831 85.3932584269663


1236215 944112 85.3932584269663
1236831 944731 85.3932584269663


1488666 1494252 85.4166666666667
1488856 1494442 85.4166666666667


1494252 1488666 85.4166666666667
1494442 1488856 85.4166666666667


1120087 1405505 85.4700854700855
1121103 1406552 85.4700854700855


1405505 1120087 85.4796888504754
1406652 1121207 85.4796888504754


957573 1328037 85.4922279792746
957958 1328422 85.4922279792746


1328037 957573 85.4922279792746
1328422 957958 85.4922279792746


913296 1144981 85.5590062111801
913935 1145616 85.5590062111801


1144981 913296 85.5590062111801
1145616 913935 85.5590062111801


1379159 1096562 85.6447688564477
1379564 1096972 85.6447688564477


1096562 1379159 85.6447688564477
1096972 1379564 85.6447688564477


1121151 1405505 85.7549857549858
1122167 1406552 85.7549857549858


1461485 1462506 85.781990521327
1461887 1462927 85.781990521327


1462506 1461485 85.781990521327
1462927 1461887 85.781990521327


957573 1491721 85.7881136950904
957958 1492106 85.7881136950904


1491721 957573 85.7881136950904
1492106 957958 85.7881136950904


1488652 1294114 85.9375
1489194 1294689 85.9375


957573 1297077 85.9375
957956 1297460 85.9375


1294114 1488652 85.9375
1294689 1489194 85.9375


1297077 957573 85.9375
1297460 957956 85.9375


1340124 961284 85.9416445623342
1340873 962036 85.9416445623342


961284 1340124 85.9416445623342
962036 1340873 85.9416445623342


1330383 1268605 85.952380952381
1330801 1269021 85.952380952381


1268605 1330383 85.952380952381
1269021 1330801 85.952380952381


913308 1176233 86.053882725832
913935 1176856 86.053882725832


1176233 913308 86.053882725832
1176856 913935 86.053882725832


1493917 1147387 86.0635696821516
1494321 1147791 86.0635696821516


1147387 1493917 86.0635696821516
1147791 1494321 86.0635696821516


1173985 1233948 86.0677083333333
1175506 1235476 86.0677083333333


1233948 1173985 86.0677083333333
1235476 1175506 86.0677083333333


916526 913296 86.1111111111111
917173 913928 86.1111111111111


913296 916526 86.1111111111111
913928 917173 86.1111111111111


844615 844714 86.1198738170347
844928 845027 86.1198738170347


844714 844615 86.1198738170347
845027 844928 86.1198738170347


928348 1099798 86.1702127659574
928531 1099985 86.1702127659574


1099798 928348 86.1702127659574
1099985 928531 86.1702127659574


916761 1206012 86.1855670103093
917244 1206495 86.1855670103093


1206012 916761 86.1855670103093
1206495 917244 86.1855670103093


957483 913426 86.1878453038674
957844 913787 86.1878453038674


913426 957483 86.1878453038674
913787 957844 86.1878453038674


1030057 1032347 86.2090880203368
1033131 1035285 86.2090880203368


1032347 1030057 86.2090880203368
1035285 1033131 86.2090880203368


1030057 1034015 86.2371888726208
1031404 1035285 86.2371888726208


1034015 1030057 86.2371888726208
1035285 1031404 86.2371888726208


1341484 1358423 86.3057324840764
1341796 1358735 86.3057324840764


1358423 1341484 86.3057324840764
1358735 1341796 86.3057324840764


1234822 1295482 86.3207547169811
1236291 1296949 86.3207547169811


1295482 1234822 86.3207547169811
1296949 1236291 86.3207547169811


1030057 1033508 86.4175205947358
1034891 1038167 86.4175205947358


1033508 1030057 86.4175205947358
1038167 1034891 86.4175205947358


957573 1266304 86.4583333333333
957956 1266687 86.4583333333333


1266304 957573 86.4583333333333
1266687 957956 86.4583333333333


1341480 962650 86.6391184573003
1342201 963368 86.6391184573003


962650 1341480 86.6391184573003
963368 1342201 86.6391184573003


1122204 1120076 86.6612111292962
1123416 1121262 86.6612111292962


1142664 1203507 86.6666666666667
1142993 1203820 86.6666666666667


1203507 1142664 86.6666666666667
1203820 1142993 86.6666666666667


1120076 1122204 86.6721177432543
1121262 1123416 86.6721177432543


1030057 1030620 86.7101508357114
1034783 1035290 86.7101508357114


1030620 1030057 86.7101508357114
1035290 1034783 86.7101508357114


957480 916665 86.7494824016563
957958 917146 86.7494824016563


916665 957480 86.7494824016563
917146 957958 86.7494824016563


1325524 1233948 86.968085106383
1325883 1234323 86.968085106383


1233948 1325524 86.968085106383
1234323 1325883 86.968085106383


943364 912571 87.0422535211268
944771 913968 87.0422535211268


912571 943364 87.0513722730471
913968 944771 87.0513722730471


1233948 1203507 87.0689655172414
1234295 1203838 87.0689655172414


1203507 1233948 87.0689655172414
1203838 1234295 87.0689655172414


1058026 1058815 87.1369294605809
1058263 1059052 87.1369294605809


1058815 1058026 87.1369294605809
1059052 1058263 87.1369294605809


1234848 1204459 87.1527777777778
1235135 1204746 87.1527777777778


1204459 1234848 87.1527777777778
1204746 1235135 87.1527777777778


1342306 1075620 87.1720116618076
1342648 1075962 87.1720116618076


1075620 1342306 87.1720116618076
1075962 1342648 87.1720116618076


1358231 1074609 87.2047244094488
1358738 1075114 87.2047244094488


1074609 1358231 87.2047244094488
1075114 1358738 87.2047244094488


916761 1266304 87.2651356993737
917238 1266781 87.2651356993737


916761 1328037 87.2651356993737
917238 1328515 87.2651356993737


1266304 916761 87.2651356993737
1266781 917238 87.2651356993737


1328037 916761 87.2651356993737
1328515 917238 87.2651356993737


1489719 1174452 87.2881355932203
1491602 1176316 87.2881355932203


1174452 1489719 87.2881355932203
1176316 1491602 87.2881355932203


1326451 1174856 87.3048200950441
1327918 1176316 87.3048200950441


1174856 1326451 87.3048200950441
1176316 1327918 87.3048200950441


1341480 1074796 87.3320537428023
1341999 1075315 87.3320537428023


1074796 1341480 87.3320537428023
1075315 1341999 87.3320537428023


1034304 1035285 87.4528301886792
1035285 1036332 87.4528301886792


1035285 1034304 87.4528301886792
1036332 1035285 87.4528301886792


1173733 1203255 87.4581939799331
1174329 1203836 87.4581939799331


1203255 1173733 87.4581939799331
1203836 1174329 87.4581939799331


916761 1297077 87.4739039665971
917238 1297554 87.4739039665971


1297077 916761 87.4739039665971
1297554 917238 87.4739039665971


1326006 1143159 87.6097057305111
1327918 1145076 87.6097057305111


1143159 1326006 87.6097057305111
1145076 1327918 87.6097057305111


955760 945770 87.6106194690265
956770 946711 87.6106194690265


927322 1098568 87.6258992805755
928011 1099248 87.6258992805755


1098568 927322 87.6258992805755
1099248 928011 87.6258992805755


1358228 962460 87.6470588235294
1358736 962966 87.6470588235294


962460 1358228 87.6470588235294
962966 1358736 87.6470588235294


944114 916538 87.6777251184834
944731 917170 87.6777251184834


916538 944114 87.6777251184834
917170 944731 87.6777251184834


1234822 1264707 87.6943881000676
1236291 1266176 87.6943881000676


1264707 1234822 87.6943881000676
1266176 1236291 87.6943881000676


1174856 1204433 87.8048780487805
1176316 1205893 87.8048780487805


1204433 1174856 87.8048780487805
1205893 1176316 87.8048780487805


944322 1206012 87.8345498783455
944731 1206421 87.8345498783455


944322 1297077 87.8345498783455
944731 1297486 87.8345498783455


1297077 944322 87.8345498783455
1297486 944731 87.8345498783455


1206012 944322 87.8345498783455
1206421 944731 87.8345498783455


1030057 1031774 87.8592532903572
1033716 1035288 87.8592532903572


1031774 1030057 87.8592532903572
1035288 1033716 87.8592532903572


1173165 1262985 87.8813559322034
1174325 1264115 87.8813559322034


1262985 1173165 87.8813559322034
1264115 1174325 87.8813559322034


916761 1491721 87.8850102669405
917246 1492206 87.8850102669405


1491721 916761 87.8850102669405
1492206 917246 87.8850102669405


1488284 1067811 87.9310344827586
1488457 1067984 87.9310344827586


1067811 1488284 87.9310344827586
1067984 1488457 87.9310344827586


943729 928343 88.0199667221298
944329 928930 88.0199667221298


928343 943729 88.0199667221298
928930 944329 88.0199667221298


1490123 1143604 88.021534320323
1491602 1145076 88.021534320323


1143604 1490123 88.021534320323
1145076 1491602 88.021534320323


1488601 1325098 88.0228136882129
1489126 1325602 88.0228136882129


1325098 1488601 88.0228136882129
1325602 1489126 88.0228136882129


1325266 1173727 88.0434782608696
1325893 1174369 88.0434782608696


1173727 1325266 88.0434782608696
1174369 1325893 88.0434782608696


944322 1328037 88.0487804878049
944730 1328445 88.0487804878049


1328037 944322 88.0487804878049
1328445 944730 88.0487804878049


1239005 1239146 88.0952380952381
1239129 1239270 88.0952380952381


1239146 1239005 88.0952380952381
1239270 1239129 88.0952380952381


1143153 1203982 88.1981981981982
1144259 1205082 88.1981981981982


1203982 1143153 88.1981981981982
1205082 1144259 88.1981981981982


944322 1491721 88.2926829268293
944731 1492130 88.2926829268293


1491721 944322 88.2926829268293
1492130 944731 88.2926829268293


1173985 1142664 88.2978723404255
1174359 1143039 88.2978723404255


1142664 1173985 88.2978723404255
1143039 1174359 88.2978723404255


944322 1266304 88.3211678832117
944731 1266713 88.3211678832117


1266304 944322 88.3211678832117
1266713 944731 88.3211678832117


1378478 1042728 88.5612153708668
1379586 1043840 88.5612153708668


1042728 1378478 88.5612153708668
1043840 1379586 88.5612153708668


942610 927322 88.6866059817945
943364 928084 88.6866059817945


927322 942610 88.6866059817945
928084 943364 88.6866059817945


1032631 1035274 88.6914378029079
1034996 1037705 88.6914378029079


1035274 1032631 88.6914378029079
1037705 1034996 88.6914378029079


945770 955634 88.6941279579316
946837 956770 88.6941279579316


955634 945770 88.6941279579316
956770 946837 88.6941279579316


944591 958762 88.7096774193548
944771 958946 88.7096774193548


958762 944591 88.7096774193548
958946 944771 88.7096774193548


1074908 1077849 88.8475836431227
1075445 1078386 88.8475836431227


1077849 1074908 88.8475836431227
1078386 1075445 88.8475836431227


961285 1073437 88.847877669391
965068 1077214 88.847877669391


1073437 961285 88.847877669391
1077214 965068 88.847877669391


1233948 1294543 88.8888888888889
1234280 1294874 88.8888888888889


1294543 1233948 88.8888888888889
1294874 1234280 88.8888888888889


1203255 1263532 89.1797556719023
1203820 1264103 89.1797556719023


1263532 1203255 89.1797556719023
1264103 1203820 89.1797556719023


1342306 963474 89.1891891891892
1342601 963769 89.1891891891892


963474 1342306 89.1891891891892
963769 1342601 89.1891891891892


911396 1070923 89.2116182572614
911633 1071160 89.2116182572614


1070923 911396 89.2116182572614
1071160 911633 89.2116182572614


1031486 1035274 89.3787575150301
1034366 1038206 89.3787575150301


1035274 1031486 89.3787575150301
1038206 1034366 89.3787575150301


1378851 1021640 89.4067796610169
1379085 1021875 89.4067796610169


1021640 1378851 89.4067796610169
1021875 1379085 89.4067796610169


962762 1077849 89.5220588235294
963305 1078391 89.5220588235294


1077849 962762 89.5220588235294
1078391 963305 89.5220588235294


1030087 1031229 89.5798718253026
1034214 1035285 89.5798718253026


1031229 1030087 89.5798718253026
1035285 1034214 89.5798718253026


1505895 1047105 89.6028037383178
1507576 1048812 89.6028037383178


1047105 1505895 89.6028037383178
1048812 1507576 89.6028037383178


928348 912928 89.6666666666667
928934 913527 89.6666666666667


912928 928348 89.6666666666667
913527 928934 89.6666666666667


1203217 1294253 89.6683673469388
1207086 1298151 89.6683673469388


1294253 1203217 89.6683673469388
1298151 1207086 89.6683673469388


945770 949510 89.8078529657477
946895 950696 89.8078529657477


1414376 1375567 89.9408284023669
1414543 1375733 89.9408284023669


1375567 1414376 89.9408284023669
1375733 1414543 89.9408284023669


1143604 1234822 89.9410464259396
1146296 1237520 89.9410464259396


1234822 1143604 89.9410464259396
1237520 1146296 89.9410464259396


1488466 1173664 90
1488595 1173793 90


1173664 1488466 90
1173793 1488595 90


913516 1328037 90.0237529691211
913935 1328457 90.0237529691211


1328037 913516 90.0237529691211
1328457 913935 90.0237529691211


1325147 1203163 90.0376411543287
1329114 1207088 90.0376411543287


1203163 1325147 90.0376411543287
1207088 1329114 90.0376411543287


942877 911907 90.0966183574879
943290 912320 90.0966183574879


927602 911907 90.0966183574879
928011 912320 90.0966183574879


911907 927602 90.0966183574879
912320 928011 90.0966183574879


911907 942877 90.0966183574879
912320 943290 90.0966183574879


913516 1206012 90.2380952380952
913935 1206430 90.2380952380952


1206012 913516 90.2380952380952
1206430 913935 90.2380952380952


911907 1098835 90.2398676592225
913115 1099985 90.2398676592225


1098835 911907 90.2398676592225
1099985 913115 90.2398676592225


1030089 1037314 90.3083700440529
1030975 1038204 90.3083700440529


1037314 1030089 90.3083700440529
1038204 1030975 90.3083700440529


945773 949639 90.3283052351375
946895 950696 90.3283052351375


1490123 1326451 90.3605592347314
1492822 1329140 90.3605592347314


1326451 1490123 90.3605592347314
1329140 1492822 90.3605592347314


1490123 1295482 90.3765690376569
1493461 1298817 90.3765690376569


1295482 1490123 90.3765690376569
1298817 1493461 90.3765690376569


1318660 1256897 90.3880463871543
1323115 1261343 90.3880463871543


1256897 1318660 90.3880463871543
1261343 1323115 90.3880463871543


1179445 1269302 90.436005625879
1182991 1272792 90.436005625879


1269302 1179445 90.436005625879
1272792 1182991 90.436005625879


953324 945773 90.4418134565406
956770 949081 90.4418134565406


1034975 1035449 90.4458598726115
1035285 1035762 90.4458598726115


1035449 1034975 90.4458598726115
1035762 1035285 90.4458598726115


1327207 1235591 90.5367231638418
1327909 1236291 90.5367231638418


1235591 1327207 90.5367231638418
1236291 1327909 90.5367231638418


912342 1342644 90.5454545454545
912614 1342903 90.5454545454545


1342644 912342 90.5454545454545
1342903 912614 90.5454545454545


1030057 1036694 90.5844155844156
1031559 1038206 90.5844155844156


1036694 1030057 90.5844155844156
1038206 1031559 90.5844155844156


1152240 1273443 90.6103286384976
1152448 1273655 90.6103286384976


1304280 1273443 90.6103286384976
1304488 1273655 90.6103286384976


1273443 1304280 90.6103286384976
1273655 1304488 90.6103286384976


1273443 1152240 90.6103286384976
1273655 1152448 90.6103286384976


945770 956386 90.6976744186046
946152 956770 90.6976744186046


956386 945770 90.6976744186046
956770 946152 90.6976744186046


1175609 1265479 90.819209039548
1176316 1266185 90.819209039548


1265479 1175609 90.819209039548
1266185 1176316 90.819209039548


1196759 1256960 90.8225905463474
1203248 1263405 90.8225905463474


1256960 1196759 90.8225905463474
1263405 1203248 90.8225905463474


1208998 1269435 90.8549299970211
1212346 1272768 90.8549299970211


1269435 1208998 90.8549299970211
1272768 1212346 90.8549299970211


1030057 1036121 90.9090909090909
1032129 1038204 90.9090909090909


1036121 1030057 90.9090909090909
1038204 1032129 90.9090909090909


1326006 1295037 90.9467644246095
1329119 1298158 90.9467644246095


1295037 1326006 90.9467644246095
1298158 1329119 90.9467644246095


913516 1297077 90.9523809523809
913935 1297495 90.9523809523809


1297077 913516 90.9523809523809
1297495 913935 90.9523809523809


1208986 1300452 91.0421021200358
1212322 1303773 91.0421021200358


1300452 1208986 91.0421021200358
1303773 1212322 91.0421021200358


1239262 1208554 91.0526315789474
1243030 1212346 91.0526315789474


1208554 1239262 91.0526315789474
1212346 1243030 91.0526315789474


954632 945770 91.0572892408011
956770 947837 91.0572892408011


1235592 1205188 91.1554921540656
1236291 1205884 91.1554921540656


1205188 1235592 91.1554921540656
1205884 1236291 91.1554921540656


1491712 1236413 91.1631419939577
1493031 1237732 91.1631419939577


1236413 1491712 91.1631419939577
1237732 1493031 91.1631419939577


913516 1266304 91.1904761904762
913935 1266722 91.1904761904762


1266304 913516 91.1904761904762
1266722 913935 91.1904761904762


1325958 1264211 91.1939830774052
1329121 1267387 91.1939830774052


1264211 1325958 91.1939830774052
1267387 1329121 91.1939830774052


1490123 1264707 91.2186379928315
1492900 1267483 91.2186379928315


1264707 1490123 91.2186379928315
1267483 1492900 91.2186379928315


1331236 1179687 91.2296841459675
1334485 1182943 91.2296841459675


1179687 1331236 91.2296841459675
1182943 1334485 91.2296841459675


1145189 1266295 91.2359550561798
1146522 1267628 91.2359550561798


1266295 1145189 91.2359550561798
1267628 1146522 91.2359550561798


1493915 1178596 91.2479740680713
1494530 1179178 91.2479740680713


1178596 1493915 91.2479740680713
1179178 1494530 91.2479740680713


1488612 1263336 91.2713472485768
1489126 1263862 91.2713472485768


1263336 1488612 91.2713472485768
1263862 1489126 91.2713472485768


1330735 1208554 91.3428943937418
1334538 1212381 91.3428943937418


1208554 1330735 91.3428943937418
1212381 1334538 91.3428943937418


1179625 1239716 91.3532721350311
1182996 1243058 91.3532721350311


1239716 1179625 91.3532721350311
1243058 1182996 91.3532721350311


1494733 1331001 91.3709906329833
1498218 1334509 91.3709906329833


1331001 1494733 91.3709906329833
1334509 1498218 91.3709906329833


1030057 1035554 91.3793103448276
1032665 1038167 91.3793103448276


1035554 1030057 91.3793103448276
1038167 1032665 91.3793103448276


1017009 1018398 91.3934426229508
1017250 1018638 91.3934426229508


1018398 1017009 91.3934426229508
1018638 1017250 91.3934426229508


1330225 1238631 91.4046595792807
1334509 1243031 91.4046595792807


1238631 1330225 91.4046595792807
1243031 1334509 91.4046595792807


952950 945773 91.4465079780277
956754 949441 91.4465079780277


1328028 1176429 91.4990859232175
1329121 1177521 91.4990859232175


1176429 1328028 91.4990859232175
1177521 1329121 91.4990859232175


1208594 1269029 91.5178571428571
1208817 1269252 91.5178571428571


1269029 1208594 91.5178571428571
1269252 1208817 91.5178571428571


1030057 1037849 91.5730337078652
1030400 1038204 91.5730337078652


1037849 1030057 91.5730337078652
1038204 1030400 91.5730337078652


1148282 1208853 91.5828784831945
1151733 1212322 91.5828784831945


1208853 1148282 91.5852958070075
1212322 1151733 91.5852958070075


1030911 1035281 91.5997322623829
1033869 1038204 91.5997322623829


1035281 1030911 91.5997322623829
1038204 1033869 91.5997322623829


1498756 1152919 91.6565164433618
1502023 1156195 91.6565164433618


1152919 1498756 91.6565164433618
1156195 1502023 91.6565164433618


1323390 1261614 91.6566866267465
1325849 1264115 91.6566866267465


1261614 1323390 91.6566866267465
1264115 1325849 91.6566866267465


1494890 1148437 91.6691639196883
1498218 1151757 91.6691639196883


1148437 1494890 91.6691639196883
1151757 1498218 91.6691639196883


1179625 1148437 91.6716417910448
1182967 1151757 91.6716417910448


1148437 1179625 91.6716417910448
1151757 1182967 91.6716417910448


1498756 1304959 91.6869671132765
1502023 1308235 91.6869671132765


1304959 1498756 91.6869671132765
1308235 1502023 91.6869671132765


1482016 1256871 91.7285095856524
1488458 1263302 91.7285095856524


1256871 1482016 91.7285095856524
1263302 1488458 91.7285095856524


1067974 1068061 91.7631917631918
1069524 1069524 91.7631917631918


1068061 1067974 91.7684887459807
1069524 1069524 91.7684887459807


1494890 1209008 91.7836868837765
1498211 1212339 91.7836868837765


1209008 1494890 91.7836868837765
1212339 1498211 91.7836868837765


1186417 1246552 91.7942760587179
1195870 1255997 91.7942760587179


1246552 1186417 91.7951425554382
1255997 1195870 91.7951425554382


1144371 1205188 91.830985915493
1145076 1205893 91.830985915493


1205188 1144371 91.830985915493
1205893 1145076 91.830985915493


1174856 1295482 91.85733512786
1176316 1296958 91.85733512786


1295482 1174856 91.85733512786
1296958 1176316 91.85733512786


954010 945770 91.8617212819589
956770 948461 91.8617212819589


1030329 1035274 91.8829008649368
1033290 1038204 91.8829008649368


1035274 1030329 91.8829008649368
1038204 1033290 91.8829008649368


1512801 1113946 91.8879056047198
1513478 1114623 91.8879056047198


1113946 1512801 91.8879056047198
1114623 1513478 91.8879056047198


1414376 1125298 91.8918918918919
1414522 1125443 91.8918918918919


1125298 1414376 91.8918918918919
1125443 1414522 91.8918918918919


944228 957479 91.8918918918919
944707 957958 91.8918918918919


957479 944228 91.8918918918919
957958 944707 91.8918918918919


1494358 1325095 91.9191919191919
1494455 1325192 91.9191919191919


1325095 1494358 91.9191919191919
1325192 1494455 91.9191919191919


1179236 1299900 91.9395465994962
1179632 1300295 91.9395465994962


1494501 1299900 91.9395465994962
1494897 1300295 91.9395465994962


1299900 1179236 91.9395465994962
1300295 1179632 91.9395465994962


1299900 1494501 91.9395465994962
1300295 1494897 91.9395465994962


1494710 1269302 91.9478310178622
1498230 1272780 91.9478310178622


1269302 1494710 91.9478310178622
1272780 1498230 91.9478310178622


1203946 1264221 91.9747235387046
1207088 1267380 91.9747235387046


1264221 1203946 91.9747235387046
1267380 1207088 91.9747235387046


1145189 1297068 91.9966301600674
1146373 1298252 91.9966301600674


1297068 1145189 91.9966301600674
1298252 1146373 91.9966301600674


1287660 1256871 92.0175558908243
1294886 1264118 92.0175558908243


1256871 1287660 92.0175558908243
1264118 1294886 92.0175558908243


948578 945773 92.039139888862
956754 953817 92.039139888862


1227034 1256871 92.0844752539094
1233208 1263036 92.0844752539094


1256871 1227034 92.0844752539094
1263036 1233208 92.0844752539094


945773 956263 92.1052631578947
946262 956754 92.1052631578947


956263 945773 92.1052631578947
956754 946262 92.1052631578947


945773 953639 92.1242547850643
948941 956754 92.1242547850643


1502024 1246552 92.1305182341651
1505143 1249663 92.1305182341651


1246552 1502024 92.1305182341651
1249663 1505143 92.1305182341651


1328028 1145189 92.1389396709324
1329121 1146281 92.1389396709324


1145189 1328028 92.1389396709324
1146281 1329121 92.1389396709324


913516 1491721 92.1428571428571
913935 1492139 92.1428571428571


1491721 913516 92.1428571428571
1492139 913935 92.1428571428571


1502024 1156195 92.1625079974408
1505143 1159307 92.1625079974408


1156195 1502024 92.1625079974408
1159307 1505143 92.1625079974408


951509 945773 92.1869088157397
956770 950890 92.1869088157397


1148286 1331038 92.209026128266
1152445 1335238 92.209026128266


1308235 1246552 92.2094373482529
1317696 1255997 92.2094373482529


1246552 1308235 92.2094373482529
1255997 1317696 92.2094373482529


1331038 1148286 92.2108762764189
1335238 1152445 92.2108762764189


953639 945773 92.2634271099744
956754 948819 92.2634271099744


945770 956449 92.2839506172839
946089 956770 92.2839506172839


956449 945770 92.2839506172839
956770 946089 92.2839506172839


945770 947268 92.2924341173137
949276 950707 92.2924341173137


1491712 1145189 92.3141891891892
1492895 1146372 92.3141891891892


1145189 1491712 92.3141891891892
1146372 1492895 92.3141891891892


1488817 1173754 92.3280423280423
1489194 1174131 92.3280423280423


1173754 1488817 92.3280423280423
1174131 1489194 92.3280423280423


1035274 1036414 92.3458149779736
1037057 1038206 92.3458149779736


1036414 1035274 92.3458149779736
1038206 1037057 92.3458149779736


945770 951195 92.353876037436
951327 956770 92.353876037436


954382 945770 92.3590814196242
956770 948089 92.3590814196242


1179687 1300519 92.370820668693
1182967 1303797 92.370820668693


1300519 1179687 92.370820668693
1303797 1182967 92.370820668693


1176429 1297068 92.3728813559322
1177607 1298246 92.3728813559322


1297068 1176429 92.3728813559322
1298246 1177607 92.3728813559322


947142 945770 92.3764311644792
950696 949265 92.3764311644792


1035274 1036984 92.4009700889248
1036485 1038204 92.4009700889248


1036984 1035274 92.4009700889248
1038204 1036485 92.4009700889248


948269 945773 92.4210526315789
956770 954081 92.4210526315789


1214034 1274668 92.4366616989568
1216715 1277351 92.4366616989568


1274668 1214034 92.4366616989568
1277351 1216715 92.4366616989568


1500012 1214705 92.4987580725286
1502023 1216715 92.4987580725286


1214705 1500012 92.4987580725286
1216715 1502023 92.4987580725286


1331167 1300452 92.5036746692798
1335238 1304485 92.5036746692798


1300452 1331167 92.5036746692798
1304485 1335238 92.5036746692798


1175609 1235592 92.507204610951
1177683 1237667 92.507204610951


1235592 1175609 92.507204610951
1237667 1177683 92.507204610951


1494890 1239716 92.5119331742244
1498237 1243049 92.5119331742244


1239716 1494890 92.5119331742244
1243049 1498237 92.5119331742244


945770 956012 92.5490196078431
946524 956770 92.5490196078431


956012 945770 92.5490196078431
956770 946524 92.5490196078431


953765 945773 92.5496688741722
956770 948709 92.5496688741722


1494909 1300492 92.5512665862485
1498218 1303797 92.5512665862485


1300492 1494909 92.5512665862485
1303797 1498218 92.5512665862485


945773 948330 92.5706313219393
954252 956754 92.5706313219393


1035286 1035856 92.5879396984925
1037639 1038206 92.5879396984925


1035856 1035286 92.5879396984925
1038206 1037639 92.5879396984925


958765 1266575 92.6174496644295
958913 1266722 92.6174496644295


958765 1206283 92.6174496644295
958913 1206430 92.6174496644295


958765 1297348 92.6174496644295
958913 1297495 92.6174496644295


1266575 958765 92.6174496644295
1266722 958913 92.6174496644295


1297348 958765 92.6174496644295
1297495 958913 92.6174496644295


1206283 958765 92.6174496644295
1206430 958913 92.6174496644295


1178963 1179050 92.6267281105991
1179178 1179265 92.6267281105991


1179050 1178963 92.6267281105991
1179265 1179178 92.6267281105991


1166504 1256871 92.6368480542548
1172669 1263036 92.6368480542548


1256871 1166504 92.6368480542548
1263036 1172669 92.6368480542548


945773 955826 92.6393270241851
946711 956770 92.6393270241851


1502024 1277351 92.6447073872721
1505144 1280464 92.6447073872721


1502024 1125446 92.6447073872721
1505144 1128559 92.6447073872721


1125446 1502024 92.6447073872721
1128559 1505144 92.6447073872721


1277351 1502024 92.6447073872721
1280464 1505144 92.6447073872721


952257 945773 92.6548672566372
956754 950191 92.6548672566372


956512 945770 92.6640926640927
956770 946026 92.6640926640927


945770 956323 92.6666666666667
946215 956770 92.6666666666667


956323 945770 92.6666666666667
956770 946215 92.6666666666667


945773 948641 92.6719415702982
953817 956754 92.6719415702982


945770 955384 92.6776740847093
947150 956770 92.6776740847093


955384 945770 92.6776740847093
956770 947150 92.6776740847093


926677 911396 92.7107061503417
927112 911831 92.7107061503417


911396 926677 92.7107061503417
911831 927112 92.7107061503417


1121140 1120076 92.7224901359053
1123412 1122321 92.7224901359053


1120076 1121140 92.7256792287467
1122321 1123412 92.7256792287467


950948 945773 92.7338006496837
956770 951453 92.7338006496837


945773 949763 92.7579737335835
951066 954942 92.7579737335835


950076 945773 92.7625772285966
956770 952451 92.7625772285966


1328028 1236413 92.7787934186472
1329121 1237505 92.7787934186472


1236413 1328028 92.7787934186472
1237505 1329121 92.7787934186472


1491712 1176429 92.7966101694915
1492891 1177608 92.7966101694915


1176429 1491712 92.7966101694915
1177608 1492891 92.7966101694915


945770 950012 92.8030303030303
952514 956770 92.8030303030303


953139 945773 92.8571428571429
956770 949333 92.8571428571429


945773 953324 92.8733674048836
949270 956770 92.8733674048836


945773 949389 92.8898464853219
953018 956770 92.8898464853219


949389 945773 92.8898464853219
956770 953018 92.8898464853219


950322 945773 92.8937160589604
956730 952037 92.8937160589604


954959 947091 92.9125138427464
956754 948880 92.9125138427464


1135755 1256871 92.9206400517213
1141917 1263030 92.9206400517213


1256871 1135755 92.9206400517213
1263030 1141917 92.9206400517213


945773 950572 92.9216152019002
952037 956730 92.9216152019002


949763 945773 92.9301533219761
956770 952640 92.9301533219761


945773 953139 92.9402218014606
949441 956754 92.9402218014606


1176429 1266295 92.9411764705882
1177618 1267484 92.9411764705882


1266295 1176429 92.9411764705882
1267484 1177618 92.9411764705882


1336691 1275158 92.9417122040073
1338885 1277351 92.9417122040073


1275158 1336691 92.9417122040073
1277351 1338885 92.9417122040073


946081 945770 92.9477982562631
954959 954707 92.9477982562631


945770 949510 92.9560260586319
953018 956770 92.9560260586319


949510 945770 92.9560260586319
956770 953018 92.9560260586319


949073 945770 92.9892640020696
956755 953316 92.9892640020696


947706 945773 93.0115194733955
956770 954640 93.0115194733955


948018 945770 93.0351655855241
956754 954313 93.0351655855241


949234 955045 93.0795847750865
950953 956770 93.0795847750865


954959 946967 93.0845225027442
956770 948772 93.0845225027442


945773 952070 93.094683329803
950390 956770 93.094683329803


952070 945773 93.094683329803
956770 950390 93.094683329803


945770 955760 93.1034482758621
946774 956770 93.1034482758621


955760 945770 93.1034482758621
956770 946774 93.1034482758621


945773 946832 93.1055215953502
955502 956754 93.1055215953502


946832 945773 93.1055215953502
956754 955502 93.1055215953502


1034972 1037744 93.125
1035288 1038054 93.125


1037744 1034972 93.125
1038054 1035288 93.125


952509 945773 93.1308411214953
956770 949957 93.1308411214953


945770 955197 93.1818181818182
947339 956770 93.1818181818182


955197 945770 93.1818181818182
956770 947339 93.1818181818182


945773 955261 93.2058047493404
947276 956770 93.2058047493404


955261 945773 93.2058047493404
956770 947276 93.2058047493404


945770 955949 93.2098765432099
946571 956754 93.2098765432099


955949 945770 93.2098765432099
956754 946571 93.2098765432099


1469605 967813 93.2551319648094
1470619 968832 93.2551319648094


967813 1469605 93.2551319648094
968832 1470619 93.2551319648094


947397 945773 93.2578209277238
954693 953071 93.2578209277238


1474802 1249671 93.2891204800253
1481129 1255997 93.2891204800253


1249671 1474802 93.2891204800253
1255997 1481129 93.2891204800253


951759 945773 93.3041052212037
956754 950687 93.3041052212037


1323390 1292406 93.3306386418755
1325840 1294874 93.3306386418755


1292406 1323390 93.3306386418755
1294874 1325840 93.3306386418755


951195 945770 93.3627537511033
956770 951390 93.3627537511033


1489719 1234418 93.372216330859
1491593 1236291 93.372216330859


1234418 1489719 93.372216330859
1236291 1491593 93.372216330859


945773 948578 93.3739983255591
954081 956770 93.3739983255591


1471707 1041771 93.3870967741936
1472316 1042388 93.3870967741936


1041771 1471707 93.3870967741936
1042388 1472316 93.3870967741936


945773 948828 93.3893488199679
953817 956754 93.3893488199679


945773 954824 93.4054611025245
947697 956754 93.4054611025245


954824 945773 93.4054611025245
956754 947697 93.4054611025245


958465 1125005 93.4156378600823
958707 1125245 93.4156378600823


1125005 958465 93.4156378600823
1125245 958707 93.4156378600823


945773 951570 93.4708554125662
951016 956770 93.4708554125662


945773 951946 93.4769103334024
950500 956754 93.4769103334024


951946 945773 93.4769103334024
956754 950500 93.4769103334024


945770 955134 93.4954407294833
947402 956770 93.4954407294833


955134 945770 93.4954407294833
956770 947402 93.4954407294833


1368540 1370887 93.5012185215272
1369754 1372116 93.5012185215272


1370887 1368540 93.5012185215272
1372116 1369754 93.5012185215272


949265 945773 93.5064935064935
956770 953144 93.5064935064935


945773 948456 93.5066476733143
954081 956770 93.5066476733143


948456 945773 93.5066476733143
956770 954081 93.5066476733143


945770 952821 93.5078007045798
949707 956770 93.5078007045798


952821 945770 93.5078007045798
956770 949707 93.5078007045798


945773 955511 93.5096153846154
947010 956754 93.5096153846154


955511 945773 93.5096153846154
956754 947010 93.5096153846154


945773 947458 93.5142643444812
954955 956770 93.5142643444812


947458 945773 93.5142643444812
956770 954955 93.5142643444812


945770 955634 93.5144609991236
946900 956770 93.5144609991236


955634 945770 93.5144609991236
956770 946900 93.5144609991236


945773 954572 93.5206162211146
947963 956770 93.5206162211146


954572 945773 93.5206162211146
956770 947963 93.5206162211146


951195 945770 93.5241502683363
956754 951250 93.5241502683363


945770 955321 93.543956043956
947213 956770 93.543956043956


955321 945770 93.543956043956
956770 947213 93.543956043956


945773 953513 93.5552840562004
949018 956770 93.5552840562004


953513 945773 93.5552840562004
956770 949018 93.5552840562004


1236413 1266295 93.5593220338983
1237592 1267474 93.5593220338983


1266295 1236413 93.5593220338983
1267474 1237592 93.5593220338983


946769 951011 93.5610589239966
952577 956770 93.5610589239966


945773 948578 93.566265060241
953955 956770 93.566265060241


945773 952887 93.5772773797339
949644 956770 93.5772773797339


952887 945773 93.5772773797339
956770 949644 93.5772773797339


950572 945773 93.6084792034688
956770 951888 93.6084792034688


948828 945773 93.613024420789
956770 953581 93.613024420789


945770 946766 93.6152656008252
955339 956341 93.6152656008252


945773 947706 93.6244924832657
954703 956770 93.6244924832657


954959 951394 93.6333699231614
956770 953207 93.6333699231614


945770 950819 93.6413313462494
951764 956770 93.6413313462494


945773 952950 93.6507936507936
949581 956770 93.6507936507936


952950 945773 93.6507936507936
956770 949581 93.6507936507936


945773 946147 93.6520289049472
954707 954959 93.6520289049472


945770 954010 93.657122145705
948508 956754 93.657122145705


954010 945770 93.657122145705
956754 948508 93.657122145705


945770 954695 93.6660268714012
947837 956770 93.6660268714012


949949 945770 93.6771561771562
956770 952514 93.6771561771562


951135 945773 93.6793785310734
956770 951327 93.6793785310734


945770 953447 93.6864153201676
949081 956770 93.6864153201676


950012 945770 93.6898863305159
956770 952577 93.6898863305159


945770 954136 93.6909709104647
948398 956770 93.6909709104647


954136 945770 93.6909709104647
956770 948398 93.6909709104647


1143153 1264256 93.7080969571944
1145076 1266185 93.7080969571944


1264256 1143153 93.7080969571944
1266185 1145076 93.7080969571944


1488825 1203284 93.7086092715232
1489126 1203585 93.7086092715232


1203284 1488825 93.7086092715232
1203585 1489126 93.7086092715232


945773 951509 93.7161024873761
