#-- reverse hits sorted by %sim
0 0 0
0 0 0


1034969 1039546 78.9036544850498
1035468 1038951 78.9036544850498


1352468 1088212 78.9173789173789
1353165 1087515 78.9173789173789


1087515 1353165 78.9173789173789
1088212 1352468 78.9173789173789


923092 1272125 79.967689822294
923707 1271509 79.967689822294


923092 1242394 79.967689822294
923707 1241778 79.967689822294


1241778 923707 79.967689822294
1242394 923092 79.967689822294


1271509 923707 79.967689822294
1272125 923092 79.967689822294


911907 1518886 80.2443991853361
912396 1518460 80.2443991853361


1518460 912396 80.2443991853361
1518886 911907 80.2443991853361


1513953 1105020 81.2889812889813
1514428 1104541 81.2889812889813


1104541 1514428 81.2889812889813
1105020 1513953 81.2889812889813


1518460 1099324 81.6062176165803
1519166 1098568 81.6062176165803


1098568 1519166 81.6062176165803
1099324 1518460 81.6062176165803


1488651 1014104 81.9767441860465
1488821 1013934 81.9767441860465


1013934 1488821 81.9767441860465
1014104 1488651 81.9767441860465


1175002 1212844 82.1243523316062
1175386 1212460 82.1243523316062


1212460 1175386 82.1243523316062
1212844 1175002 82.1243523316062


1143750 1212844 82.3383084577114
1144150 1212444 82.3383084577114


1212444 1144150 82.3383084577114
1212844 1143750 82.3383084577114


1212445 1265252 82.5436408977556
1212844 1264853 82.5436408977556


1264853 1212844 82.5436408977556
1265252 1212445 82.5436408977556


1115046 1106828 82.5595984943538
1115837 1106042 82.5595984943538


1106042 1115837 82.5814536340852
1106828 1115046 82.5814536340852


1212444 1296028 82.5870646766169
1212844 1295628 82.5870646766169


1295628 1212844 82.5870646766169
1296028 1212444 82.5870646766169


923161 1497506 82.695810564663
923704 1496962 82.695810564663


1496962 923704 82.695810564663
1497506 923161 82.695810564663


1204564 1212859 83.3746898263027
1204963 1212460 83.3746898263027


1212460 1204963 83.3746898263027
1212859 1204564 83.3746898263027


1488296 1080005 83.6909871244635
1488528 1079773 83.6909871244635


1079773 1488528 83.6909871244635
1080005 1488296 83.6909871244635


923084 1211694 84.5864661654135
923348 1211430 84.5864661654135


1211430 923348 84.5864661654135
1211694 923084 84.5864661654135


926632 984772 84.6715328467153
927172 984236 84.6715328467153


984236 927172 84.6715328467153
984772 926632 84.6715328467153


1353689 1086965 84.7826086956522
1354605 1086075 84.7826086956522


1086075 1354605 84.7826086956522
1086965 1353689 84.7826086956522


1041665 1097922 84.8484848484848
1041917 1097665 84.8484848484848


1097665 1041917 84.8484848484848
1097922 1041665 84.8484848484848


1068091 1014104 85.0649350649351
1068241 1013954 85.0649350649351


1013954 1068241 85.0649350649351
1014104 1068091 85.0649350649351


984488 1071160 85.0694444444444
984772 1070878 85.0694444444444


1070878 984772 85.0694444444444
1071160 984488 85.0694444444444


1013943 1068132 85.2664576802508
1014258 1067817 85.2664576802508


923072 1182344 85.3046594982079
923348 1182067 85.3046594982079


1182067 923348 85.3046594982079
1182344 923072 85.3046594982079


1358745 962452 85.5491329479769
1358917 962280 85.5491329479769


962280 1358917 85.5491329479769
962452 1358745 85.5491329479769


1495002 1175554 85.7142857142857
1495182 1175377 85.7142857142857


1175377 1495182 85.7142857142857
1175554 1495002 85.7142857142857


1490668 1179912 85.9154929577465
1490802 1179771 85.9154929577465


1179771 1490802 85.9154929577465
1179912 1490668 85.9154929577465


1380596 1095591 86.3509749303621
1381307 1094877 86.3509749303621


1094877 1381307 86.3509749303621
1095591 1380596 86.3509749303621


942436 985108 86.6120218579235
942789 984744 86.6120218579235


984744 942789 86.6120218579235
985108 942436 86.6120218579235


942610 1519166 86.7213114754098
943205 1518562 86.7213114754098


1518562 943205 86.7213114754098
1519166 942610 86.7213114754098


1326968 1331477 86.7724867724868
1327153 1331296 86.7724867724868


984744 1098747 86.8852459016393
985108 1098394 86.8852459016393


1098394 985108 86.8852459016393
1098747 984744 86.8852459016393


1490668 1495164 87.0748299319728
1490810 1495020 87.0748299319728


1495020 1490810 87.0748299319728
1495164 1490668 87.0748299319728


1175377 1240000 87.292817679558
1175554 1239823 87.292817679558


1239823 1175554 87.292817679558
1240000 1175377 87.292817679558


1495020 1144289 87.6712328767123
1495160 1144150 87.6712328767123


1144150 1495160 87.6712328767123
1144289 1495020 87.6712328767123


1373350 968824 87.9684418145957
1374342 967813 87.9684418145957


967813 1374342 87.9684418145957
968824 1373350 87.9684418145957


943327 984134 87.9725085910653
943616 983851 87.9725085910653


983851 943616 87.9725085910653
984134 943327 87.9725085910653


1356724 965131 88.0766501064585
1358122 963727 88.0766501064585


963727 1358122 88.0766501064585
965131 1356724 88.0766501064585


1326968 1209296 88.3597883597884
1327153 1209115 88.3597883597884


1209115 1327153 88.3597883597884
1209296 1326968 88.3597883597884


1030057 1039438 88.5714285714286
1030531 1038951 88.5714285714286


1038951 1030531 88.5714285714286
1039438 1030057 88.5714285714286


1179747 1175554 88.5869565217391
1179930 1175377 88.5869565217391


1175377 1300761 88.6486486486487
1175554 1300579 88.6486486486487


1175377 1179930 88.6486486486487
1175554 1179747 88.6486486486487


1300579 1175554 88.6486486486487
1300761 1175377 88.6486486486487


1144150 1209270 88.8888888888889
1144281 1209139 88.8888888888889


1326968 1300765 88.9473684210526
1327153 1300579 88.9473684210526


1300579 1327153 88.9473684210526
1300765 1326968 88.9473684210526


1175377 1269731 88.9502762430939
1175554 1269552 88.9502762430939


1269552 1175554 88.9502762430939
1269731 1175377 88.9502762430939


1331320 1296161 88.9705882352941
1331451 1296028 88.9705882352941


1209139 1144281 88.9705882352941
1209270 1144150 88.9705882352941


1296028 1331451 88.9705882352941
1296161 1331320 88.9705882352941


1144150 1300739 89.1304347826087
1144281 1300603 89.1304347826087


1300603 1144281 89.1304347826087
1300739 1144150 89.1304347826087


903276 1018447 89.1566265060241
903437 1018283 89.1566265060241


1018283 903437 89.1566265060241
1018447 903276 89.1566265060241


1471713 1097804 89.3617021276596
1471852 1097665 89.3617021276596


1097665 1471852 89.3617021276596
1097804 1471713 89.3617021276596


1326968 1269735 89.4179894179894
1327153 1269552 89.4179894179894


1269552 1327153 89.4179894179894
1269735 1326968 89.4179894179894


1031667 1039542 89.4563426688633
1032258 1038951 89.4563426688633


1038951 1032258 89.4563426688633
1039542 1031667 89.4563426688633


1468218 1414548 89.6551724137931
1468389 1414376 89.6551724137931


1414376 1468389 89.6551724137931
1414548 1468218 89.6551724137931


1209139 1296161 89.7058823529412
1209270 1296028 89.7058823529412


1296028 1209270 89.7058823529412
1296161 1209139 89.7058823529412


1326968 1148725 89.7849462365591
1327153 1148544 89.7849462365591


1148544 1327153 89.7849462365591
1148725 1326968 89.7849462365591


1490668 1209274 89.8550724637681
1490802 1209139 89.8550724637681


1490668 1331455 89.8550724637681
1490802 1331320 89.8550724637681


1209139 1490802 89.8550724637681
1209274 1490668 89.8550724637681


1331320 1490802 89.8550724637681
1331455 1490668 89.8550724637681


1032804 1039542 89.871382636656
1033419 1038951 89.871382636656


1038951 1033419 89.871382636656
1039542 1032804 89.871382636656


1356138 1077852 89.9197592778335
1358122 1075873 89.9197592778335


1075873 1358122 89.9197592778335
1077852 1356138 89.9197592778335


1358745 1074598 90.2298850574713
1358917 1074426 90.2298850574713


1074426 1358917 90.2298850574713
1074598 1358745 90.2298850574713


1144150 1269709 90.3703703703704
1144281 1269576 90.3703703703704


1269576 1144281 90.3703703703704
1269709 1144150 90.3703703703704


1235367 1239982 90.4109589041096
1235512 1239837 90.4109589041096


1239837 1235512 90.4109589041096
1239982 1235367 90.4109589041096


1376041 983781 90.4135338345865
1377092 982729 90.4135338345865


982729 1377092 90.4135338345865
983781 1376041 90.4135338345865


1037156 1039549 90.4376012965964
1037766 1038951 90.4376012965964


1038951 1037766 90.4376012965964
1039549 1037156 90.4376012965964


1175377 1209292 90.5555555555556
1175554 1209115 90.5555555555556


1209115 1175554 90.5555555555556
1209292 1175377 90.5555555555556


1490668 1269713 90.5797101449275
1490802 1269576 90.5797101449275


1269576 1490802 90.5797101449275
1269713 1490668 90.5797101449275


1179796 1265364 90.6779661016949
1179912 1265252 90.6779661016949


1265252 1179912 90.6779661016949
1265364 1179796 90.6779661016949


1032242 1039537 90.9849749582638
1032825 1038951 90.9849749582638


1038951 1032825 90.9849749582638
1039537 1032242 90.9849749582638


1175377 1148721 91.1111111111111
1175554 1148544 91.1111111111111


1148544 1175554 91.1111111111111
1148721 1175377 91.1111111111111


1209164 1265364 91.1504424778761
1209274 1265252 91.1504424778761


1265252 1209274 91.1504424778761
1265364 1209164 91.1504424778761


1296028 1269709 91.1764705882353
1296161 1269576 91.1764705882353


1269576 1296161 91.1764705882353
1269709 1296028 91.1764705882353


1495051 1205082 91.1764705882353
1495186 1204950 91.1764705882353


1204950 1495186 91.1764705882353
1205082 1495051 91.1764705882353


1033403 1039537 91.214953271028
1033931 1039012 91.214953271028


1039012 1033931 91.214953271028
1039537 1033403 91.214953271028


1469572 1374375 91.2246865959499
1470608 1373355 91.2246865959499


1373355 1470608 91.2246865959499
1374375 1469572 91.2246865959499


1148590 1265364 91.2280701754386
1148703 1265252 91.2280701754386


1265252 1148703 91.2280701754386
1265364 1148590 91.2280701754386


972395 978286 91.2776412776413
973206 977475 91.2776412776413


977475 973206 91.2776412776413
978286 972395 91.2776412776413


918612 925280 91.304347826087
918795 925100 91.304347826087


925100 918795 91.304347826087
925280 918612 91.304347826087


924324 1180714 91.3963328631876
925031 1180007 91.3963328631876


1180007 925031 91.3963328631876
1180714 924324 91.3963328631876


1036017 1039542 91.404958677686
1036608 1038951 91.404958677686


1038951 1036608 91.404958677686
1039542 1036017 91.404958677686


924341 1332240 91.4739884393064
925031 1331550 91.4739884393064


1331550 925031 91.4739884393064
1332240 924341 91.4739884393064


1034473 1039535 91.5254237288136
1034996 1039012 91.5254237288136


1039012 1034996 91.5254237288136
1039535 1034473 91.5254237288136


924341 1270498 91.6184971098266
925031 1269808 91.6184971098266


1269808 925031 91.6184971098266
1270498 924341 91.6184971098266


924341 1301528 91.7630057803468
925031 1300838 91.7630057803468


924341 1495949 91.7630057803468
925031 1495259 91.7630057803468


1300838 925031 91.7630057803468
1301528 924341 91.7630057803468


1495259 925031 91.7630057803468
1495949 924341 91.7630057803468


1239872 1205082 91.7910447761194
1240004 1204950 91.7910447761194


1204950 1240004 91.7910447761194
1205082 1239872 91.7910447761194


924324 1210076 91.8194640338505
925031 1209369 91.8194640338505


1209369 925031 91.8194640338505
1210076 924324 91.8194640338505


1031090 1039535 91.8604651162791
1031688 1038951 91.8604651162791


1038951 1031688 91.8604651162791
1039535 1031090 91.8604651162791


924324 1149505 92.090395480226
925031 1148798 92.090395480226


1148798 925031 92.090395480226
1149505 924324 92.090395480226


1490668 1300743 92.1985815602837
1490802 1300603 92.1985815602837


1300603 1490802 92.1985815602837
1300743 1490668 92.1985815602837


1033920 1039530 92.2813036020583
1034487 1038951 92.2813036020583


1038951 1034487 92.2813036020583
1039530 1033920 92.2813036020583


1037744 1039543 92.5373134328358
1038206 1039078 92.5373134328358


1039078 1038206 92.5373134328358
1039543 1037744 92.5373134328358


924341 1240767 92.6300578034682
925031 1240077 92.6300578034682


1240077 925031 92.6300578034682
1240767 924341 92.6300578034682


1148590 1205082 92.6470588235294
1148725 1204950 92.6470588235294


1204950 1148725 92.6470588235294
1205082 1148590 92.6470588235294


1204950 1300765 92.7007299270073
1205082 1300629 92.7007299270073


1300629 1205082 92.7007299270073
1300765 1204950 92.7007299270073


911396 1519812 92.7107061503417
911831 1519377 92.7107061503417


1519377 911831 92.7107061503417
1519812 911396 92.7107061503417


1039236 1035285 92.7444794952681
1039546 1034969 92.7444794952681


1030517 1039535 92.9292929292929
1031104 1038951 92.9292929292929


1038951 1031104 92.9292929292929
1039535 1030517 92.9292929292929


1300629 1265364 93.0434782608696
1300743 1265252 93.0434782608696


1265252 1300743 93.0434782608696
1265364 1300629 93.0434782608696


1036580 1039549 93.1372549019608
1037184 1038951 93.1372549019608


1038951 1037184 93.1372549019608
1039549 1036580 93.1372549019608


1035449 1039540 93.322203672788
1036038 1038951 93.322203672788


1038951 1036038 93.322203672788
1039540 1035449 93.322203672788


1148568 1296161 93.3333333333333
1148699 1296028 93.3333333333333


1296028 1148699 93.3333333333333
1296161 1148568 93.3333333333333


1490668 1148703 93.4782608695652
1490802 1148568 93.4782608695652


1148568 1490802 93.4782608695652
1148703 1490668 93.4782608695652


1495051 1265364 93.859649122807
1495164 1265252 93.859649122807


1265252 1495164 93.859649122807
1265364 1495051 93.859649122807


1067817 1014258 94.0476190476191
1067984 1014091 94.0476190476191


1204950 1269735 94.0740740740741
1205082 1269601 94.0740740740741


1269601 1205082 94.0740740740741
1269735 1204950 94.0740740740741


958383 1468764 94.1538461538462
958707 1468442 94.1538461538462


1468442 958707 94.1538461538462
1468764 958383 94.1538461538462


1038951 1035468 94.5273631840796
1039151 1035274 94.5273631840796


1331332 1205095 95.2054794520548
1331477 1204950 95.2054794520548


1204950 1331477 95.2054794520548
1205095 1331332 95.2054794520548


1296028 1300739 95.6204379562044
1296161 1300603 95.6204379562044


1300603 1296161 95.6204379562044
1300739 1296028 95.6204379562044


1179820 1205062 95.6521739130435
1179934 1204950 95.6521739130435


1204950 1179934 95.6521739130435
1205062 1179820 95.6521739130435


1038455 1038554 96
1038554 1038455 96


1358127 1075212 96.078431372549
1358228 1075111 96.078431372549


1075111 1358228 96.078431372549
1075212 1358127 96.078431372549


1519625 1014924 96.5465465465465
1520286 1014259 96.5465465465465


1014259 1520286 96.5465465465465
1014924 1519625 96.5465465465465


1265252 1269713 97.3451327433628
1265364 1269601 97.3451327433628


1269601 1265364 97.3451327433628
1269713 1265252 97.3451327433628


1014925 1366326 97.7260422306443
1016771 1364515 97.7260422306443


1364515 1016771 97.7260422306443
1366326 1014925 97.7260422306443


929471 929972 97.7611940298508
929604 929841 97.7611940298508


929841 929604 97.7611940298508
929972 929471 97.7611940298508


1519575 1071160 97.921760391198
1521186 1069531 97.921760391198


1519575 1071160 97.921760391198
1521186 1069531 97.921760391198


1069531 1521186 97.921760391198
1071160 1519575 97.921760391198


1468223 1375733 98.0434782608696
1468682 1375274 98.0434782608696


1375274 1468682 98.0434782608696
1375733 1468223 98.0434782608696


1344389 1346754 98.1751824817518
1344936 1346207 98.1751824817518


1346207 1344936 98.1751824817518
1346754 1344389 98.1751824817518


1468244 1125443 98.4054669703873
1468682 1125005 98.4054669703873


1125005 1468682 98.4054669703873
1125443 1468244 98.4054669703873


925336 1521183 98.7032799389779
927926 1518562 98.7032799389779


1518562 927926 98.7032799389779
1521183 925336 98.7032799389779


1022502 1362081 99.0849673202614
1023266 1361318 99.0849673202614


1361318 1023266 99.0849673202614
1362081 1022502 99.0849673202614


1204950 1209296 99.2481203007519
1205082 1209164 99.2481203007519


1209164 1205082 99.2481203007519
1209296 1204950 99.2481203007519


1518562 927926 99.8419596997234
1521092 925397 99.8419596997234


1144150 1148699 100
1144281 1148568 100


1148568 1144281 100
1148699 1144150 100


1038194 1038685 100
1038275 1038604 100


1038604 1038275 100
1038685 1038194 100


